0.000000 299.929565
0.000000 300.138336
0.000000 300.347137
0.000000 300.555939
0.000000 300.764770
0.000000 300.973602
0.000003 301.182465
0.000005 301.391357
0.000006 301.600250
0.000001 301.809174
0.000007 302.018127
0.000008 302.227081
0.000009 302.436066
0.000008 302.645050
0.000014 302.854065
0.000017 303.063080
0.000013 303.272125
0.000013 303.481201
0.000012 303.690277
0.000009 303.899383
0.000017 304.108520
0.000025 304.317657
0.000028 304.526794
0.000029 304.735962
0.000030 304.945160
0.000026 305.154388
0.000027 305.363617
0.000033 305.572846
0.000034 305.782105
0.000035 305.991394
0.000039 306.200714
0.000039 306.410034
0.000036 306.619354
0.000041 306.828705
0.000043 307.038086
0.000041 307.247467
0.000044 307.456879
0.000042 307.666321
0.000041 307.875763
0.000038 308.085236
0.000040 308.294708
0.000041 308.504211
0.000045 308.713715
0.000041 308.923248
0.000040 309.132812
0.000039 309.342377
0.000040 309.551971
0.000035 309.761597
0.000033 309.971222
0.000025 310.180847
0.000025 310.390533
0.000028 310.600189
0.000028 310.809906
0.000023 311.019623
0.000021 311.229340
0.000013 311.439087
0.000012 311.648865
0.000002 311.858643
0.000003 312.068451
0.000003 312.278290
0.000002 312.488129
0.000006 312.697998
0.000000 312.907867
0.000000 313.117767
0.000003 313.327667
0.000000 313.537598
0.000001 313.747559
0.000000 313.957519
0.000000 314.167511
0.000000 314.377502
0.000007 314.587524
0.000005 314.797577
0.000004 315.007629
0.000004 315.217712
0.000003 315.427795
0.000000 315.637909
0.000000 315.848023
0.000003 316.058197
0.000006 316.268341
0.000005 316.478516
0.000014 316.688721
0.000014 316.898956
0.000014 317.109192
0.000019 317.319428
0.000020 317.529694
0.000019 317.739990
0.000022 317.950317
0.000021 318.160614
0.000022 318.370972
0.000027 318.581329
0.000029 318.791718
0.000030 319.002106
0.000035 319.212524
0.000036 319.422943
0.000038 319.633392
0.000046 319.843872
0.000048 320.054352
0.000045 320.264862
0.000050 320.475372
0.000056 320.685913
0.000063 320.896484
0.000066 321.107056
0.000062 321.317627
0.000066 321.528259
0.000070 321.738861
0.000071 321.949524
0.000064 322.160187
0.000063 322.370850
0.000066 322.581573
0.000063 322.792267
0.000064 323.003021
0.000064 323.213776
0.000065 323.424530
0.000061 323.635315
0.000059 323.846130
0.000058 324.056946
0.000058 324.267792
0.000055 324.478638
0.000061 324.689514
0.000051 324.900421
0.000052 325.111328
0.000054 325.322266
0.000047 325.533203
0.000049 325.744171
0.000049 325.955139
0.000049 326.166138
0.000048 326.377167
0.000042 326.588196
0.000045 326.799255
0.000046 327.010315
0.000040 327.221405
0.000034 327.432495
0.000031 327.643616
0.000028 327.854767
0.000023 328.065918
0.000020 328.277100
0.000016 328.488312
0.000018 328.699493
0.000014 328.910736
0.000016 329.121979
0.000014 329.333252
0.000012 329.544525
0.000001 329.755829
0.000000 329.967133
0.000000 330.178467
0.000000 330.389832
0.000000 330.601196
0.000002 330.812592
0.000009 331.023987
0.000007 331.235413
0.000010 331.446838
0.000011 331.658295
0.000007 331.869781
0.000008 332.081268
0.000011 332.292786
0.000009 332.504303
0.000004 332.715851
0.000005 332.927399
0.000013 333.138977
0.000012 333.350586
0.000014 333.562195
0.000015 333.773834
0.000015 333.985474
0.000018 334.197144
0.000013 334.408844
0.000013 334.620544
0.000013 334.832245
0.000015 335.043976
0.000016 335.255737
0.000017 335.467499
0.000021 335.679291
0.000022 335.891113
0.000017 336.102936
0.000010 336.314789
0.000017 336.526642
0.000015 336.738495
0.000021 336.950409
0.000024 337.162323
0.000025 337.374237
0.000020 337.586182
0.000029 337.798157
0.000026 338.010132
0.000023 338.222137
0.000023 338.434143
0.000023 338.646179
0.000025 338.858215
0.000020 339.070282
0.000023 339.282379
0.000028 339.494476
0.000024 339.706604
0.000022 339.918732
0.000021 340.130890
0.000000 340.343079
0.000001 340.555267
0.000000 340.767456
0.000012 340.979675
0.000016 341.191925
0.000019 341.404175
0.000022 341.616455
0.000027 341.828766
0.000024 342.041077
0.000031 342.253387
0.000033 342.465729
0.000049 342.678101
0.000055 342.890472
0.000055 343.102875
0.000059 343.315277
0.000059 343.527710
0.000064 343.740173
0.000068 343.952637
0.000074 344.165131
0.000077 344.377625
0.000082 344.590149
0.000090 344.802673
0.000095 345.015228
0.000097 345.227783
0.000107 345.440369
0.000118 345.652985
0.000125 345.865601
0.000122 346.078247
0.000129 346.290894
0.000133 346.503571
0.000130 346.716248
0.000131 346.928955
0.000131 347.141693
0.000131 347.354431
0.000121 347.567200
0.000117 347.779968
0.000118 347.992767
0.000110 348.205566
0.000100 348.418396
0.000097 348.631256
0.000096 348.844116
0.000093 349.056976
0.000094 349.269867
0.000085 349.482788
0.000086 349.695709
0.000074 349.908661
0.000065 350.121643
0.000060 350.334625
0.000058 350.547607
0.000050 350.760620
0.000047 350.973663
0.000038 351.186707
0.000036 351.399780
0.000027 351.612885
0.000017 351.825958
0.000013 352.039093
0.000008 352.252228
0.000005 352.465393
0.000002 352.678558
0.000000 352.891724
0.000000 353.104950
0.000020 353.318176
0.000016 353.531403
0.000017 353.744659
0.000012 353.957916
0.000009 354.171204
0.000014 354.384522
0.000015 354.597839
0.000016 354.811188
0.000019 355.024536
0.000019 355.237915
0.000020 355.451324
0.000018 355.664734
0.000014 355.878143
0.000022 356.091583
0.000020 356.305054
0.000025 356.518524
0.000024 356.732025
0.000025 356.945526
0.000029 357.159058
0.000033 357.372589
0.000032 357.586151
0.000039 357.799744
0.000036 358.013336
0.000039 358.226959
0.000035 358.440582
0.000026 358.654236
0.000026 358.867889
0.000027 359.081573
0.000027 359.295258
0.000023 359.508972
0.000015 359.722717
0.000015 359.936462
0.000012 360.150238
0.000011 360.364014
0.000018 360.577820
0.000022 360.791626
0.000021 361.005463
0.000028 361.219299
0.000027 361.433167
0.000023 361.647064
0.000020 361.860962
0.000022 362.074860
0.000023 362.288818
0.000027 362.502747
0.000023 362.716736
0.000111 362.930725
0.000247 363.144714
0.000905 363.358734
0.001702 363.572754
0.002431 363.786804
0.000791 364.000885
0.001004 364.214966
0.000000 364.429077
0.000000 364.643189
0.000000 364.857330
0.000000 365.071472
0.000000 365.285644
0.000000 365.499847
0.000000 365.714050
0.000000 365.928253
0.000000 366.142487
0.000000 366.356750
0.000000 366.571014
0.000000 366.785309
0.000000 366.999603
0.000000 367.213928
0.000000 367.428284
0.000000 367.642639
0.000000 367.856995
0.000000 368.071381
0.000000 368.285797
0.000866 368.500214
0.000572 368.714661
0.001507 368.929108
0.001427 369.143585
0.002907 369.358063
0.004315 369.572571
0.004662 369.787109
0.004223 370.001648
0.005564 370.216186
0.007032 370.430756
0.008941 370.645355
0.009394 370.859955
0.010218 371.074585
0.011318 371.289215
0.011186 371.503876
0.012504 371.718536
0.012118 371.933227
0.011216 372.147949
0.010036 372.362671
0.010746 372.577393
0.010826 372.792145
0.010611 373.006928
0.011638 373.221710
0.010629 373.436523
0.011121 373.651337
0.011411 373.866180
0.010512 374.081024
0.010790 374.295898
0.011225 374.510803
0.011773 374.725708
0.011777 374.940613
0.011322 375.155548
0.010713 375.370514
0.008983 375.585480
0.008948 375.800476
0.007468 376.015472
0.007132 376.230499
0.005490 376.445526
0.003111 376.660583
0.000954 376.875671
0.001200 377.090759
0.000000 377.305847
0.000000 377.520966
0.000000 377.736114
0.000000 377.951263
0.000000 378.166443
0.000000 378.381622
0.000000 378.596832
0.000000 378.812042
0.000000 379.027283
0.000000 379.242523
0.000000 379.457794
0.000000 379.673096
0.000000 379.888397
0.000000 380.103699
0.000000 380.319031
0.000000 380.534393
0.000000 380.749756
0.000000 380.965149
0.000000 381.180542
0.000000 381.395966
0.000000 381.611389
0.000000 381.826843
0.000146 382.042328
0.001790 382.257812
0.001835 382.473297
0.001974 382.688812
0.003133 382.904358
0.004862 383.119904
0.006015 383.335480
0.005882 383.551056
0.005135 383.766632
0.005158 383.982269
0.005244 384.197906
0.004410 384.413544
0.004319 384.629211
0.003711 384.844879
0.003575 385.060577
0.004485 385.276306
0.005633 385.492035
0.006243 385.707764
0.006323 385.923523
0.007486 386.139313
0.006949 386.355102
0.008383 386.570923
0.008324 386.786743
0.007428 387.002594
0.008351 387.218445
0.008106 387.434326
0.007473 387.650208
0.005982 387.866119
0.004954 388.082062
0.004430 388.298004
0.003558 388.513946
0.004525 388.729919
0.003920 388.945923
0.003802 389.161926
0.003057 389.377960
0.002698 389.593994
0.002736 389.810059
0.002544 390.026123
0.001985 390.242218
0.003182 390.458313
0.002256 390.674439
0.001916 390.890564
0.001333 391.106720
0.001936 391.322906
0.001232 391.539093
0.001486 391.755279
0.001349 391.971497
0.000636 392.187744
0.000859 392.403992
0.000000 392.620270
0.000000 392.836548
0.000000 393.052856
0.000000 393.269165
0.000013 393.485504
0.000983 393.701843
0.000642 393.918213
0.001528 394.134583
0.002644 394.350983
0.003175 394.567413
0.002803 394.783814
0.002216 395.000275
0.002034 395.216736
0.001948 395.433227
0.002345 395.649719
0.002321 395.866211
0.002813 396.082733
0.003367 396.299286
0.003243 396.515839
0.002946 396.732422
0.003336 396.949005
0.003845 397.165619
0.003843 397.382233
0.004247 397.598877
0.004936 397.815552
0.004703 398.032196
0.005338 398.248901
0.005282 398.465607
0.005993 398.682312
0.005160 398.899048
0.006317 399.115814
0.006458 399.332581
0.006637 399.549377
0.006994 399.766174
0.007129 399.982971
0.007658 400.199799
0.007711 400.416656
0.007896 400.633514
0.008001 400.850403
0.009284 401.067291
0.009438 401.284210
0.009887 401.501160
0.010522 401.718079
0.010143 401.935059
0.010392 402.152039
0.011569 402.369019
0.012190 402.586029
0.012908 402.803070
0.013495 403.020111
0.014474 403.237152
0.014935 403.454224
0.015974 403.671326
0.017135 403.888428
0.017982 404.105530
0.019298 404.322693
0.020274 404.539825
0.021518 404.756988
0.022277 404.974182
0.023106 405.191376
0.024778 405.408600
0.025852 405.625824
0.026941 405.843079
0.028769 406.060364
0.029813 406.277618
0.031931 406.494934
0.033666 406.712250
0.032167 406.929565
0.034919 407.146912
0.036347 407.364288
0.038211 407.581665
0.039998 407.799042
0.042645 408.016449
0.045138 408.233887
0.047273 408.451324
0.049989 408.668762
0.052182 408.886231
0.054614 409.103729
0.056825 409.321228
0.059386 409.538757
0.061500 409.756287
0.064403 409.973846
0.066733 410.191406
0.069260 410.408997
0.072373 410.626587
0.074772 410.844208
0.077812 411.061829
0.080457 411.279480
0.084066 411.497131
0.088403 411.714813
0.092759 411.932495
0.097407 412.150208
0.101732 412.367950
0.106940 412.585693
0.112371 412.803436
0.117330 413.021210
0.122956 413.239014
0.128721 413.456818
0.135093 413.674622
0.141764 413.892456
0.149518 414.110321
0.156391 414.328186
0.164560 414.546051
0.173396 414.763977
0.182855 414.981873
0.192612 415.199799
0.203203 415.417755
0.213435 415.635712
0.224368 415.853699
0.236047 416.071686
0.248444 416.289703
0.260186 416.507721
0.273833 416.725769
0.287151 416.943817
0.300116 417.161896
0.313319 417.379974
0.327450 417.598083
0.341765 417.816193
0.356827 418.034332
0.372170 418.252472
0.388394 418.470642
0.404251 418.688843
0.420568 418.907013
0.437596 419.125244
0.454376 419.343475
0.472533 419.561707
0.489513 419.779968
0.507043 419.998261
0.528422 420.216553
0.546666 420.434845
0.565765 420.653168
0.583961 420.871521
0.602401 421.089874
0.621163 421.308227
0.640027 421.526611
0.658626 421.745026
0.677063 421.963440
0.695197 422.181854
0.713533 422.400299
0.731526 422.618774
0.749538 422.837250
0.767358 423.055756
0.785671 423.274262
0.803074 423.492767
0.819662 423.711334
0.836133 423.929871
0.852923 424.148438
0.868794 424.367035
0.883916 424.585632
0.898177 424.804260
0.911374 425.022888
0.923782 425.241547
0.936126 425.460205
0.946824 425.678894
0.956343 425.897583
0.964992 426.116303
0.973085 426.335022
0.979644 426.553772
0.985890 426.772522
0.991057 426.991303
0.995067 427.210083
0.997274 427.428894
0.998971 427.647705
1.000000 427.866547
0.999335 428.085388
0.997224 428.304260
0.995391 428.523163
0.991824 428.742035
0.989044 428.960968
0.985896 429.179901
0.982005 429.398834
0.976916 429.617798
0.971272 429.836762
0.963575 430.055756
0.954458 430.274780
0.943926 430.493774
0.932234 430.712830
0.919077 430.931885
0.904558 431.150940
0.888493 431.370026
0.871375 431.589111
0.852518 431.808227
0.832232 432.027374
0.810500 432.246521
0.787420 432.465668
0.763347 432.684845
0.737616 432.904053
0.711777 433.123230
0.684337 433.342468
0.656896 433.561707
0.628915 433.780945
0.600352 434.000214
0.572390 434.219513
0.543794 434.438812
0.514908 434.658112
0.486284 434.877441
0.458222 435.096802
0.430544 435.316162
0.403219 435.535523
0.376867 435.754913
0.350318 435.974335
0.325106 436.193756
0.299994 436.413178
0.275000 436.632629
0.250948 436.852081
0.228394 437.071564
0.205487 437.291077
0.183472 437.510590
0.162333 437.730102
0.142804 437.949646
0.123713 438.169220
0.105881 438.388794
0.089319 438.608368
0.073512 438.827972
0.059297 439.047607
0.045650 439.267242
0.033129 439.486877
0.021474 439.706543
0.011286 439.926239
0.002754 440.145935
0.000000 440.365631
0.000000 440.585358
0.000000 440.805115
0.000000 441.024872
0.000000 441.244629
0.000000 441.464417
0.000000 441.684235
0.000000 441.904053
0.000000 442.123871
0.000000 442.343720
0.000000 442.563599
0.000000 442.783478
0.000000 443.003357
0.000000 443.223267
0.000000 443.443176
0.000000 443.663117
0.000000 443.883087
0.000884 444.103058
0.001504 444.323029
0.001835 444.543030
0.002209 444.763061
0.002185 444.983063
0.000000 445.203125
0.000000 445.423187
0.000216 445.643250
0.000000 445.863342
0.000000 446.083466
0.000765 446.303558
0.000793 446.523712
0.001410 446.743866
0.001555 446.964020
0.001891 447.184204
0.002134 447.404388
0.002188 447.624603
0.002696 447.844849
0.003097 448.065064
0.003474 448.285339
0.003538 448.505615
0.003849 448.725891
0.004572 448.946197
0.004327 449.166504
0.005700 449.386841
0.005723 449.607178
0.005884 449.827545
0.006192 450.047913
0.006752 450.268310
0.007098 450.488708
0.007358 450.709137
0.007444 450.929565
0.007290 451.150024
0.007332 451.370483
0.007398 451.590973
0.007340 451.811462
0.007164 452.031982
0.007065 452.252502
0.006764 452.473053
0.006715 452.693603
0.006400 452.914185
0.006594 453.134766
0.006417 453.355347
0.006285 453.575989
0.005751 453.796600
0.005436 454.017242
0.004842 454.237915
0.005350 454.458588
0.005255 454.679291
0.005011 454.899994
0.004829 455.120697
0.005443 455.341431
0.005120 455.562195
0.004959 455.782959
0.003966 456.003723
0.003855 456.224518
0.003611 456.445343
0.003127 456.666168
0.003026 456.886993
0.003085 457.107849
0.003179 457.328735
0.002861 457.549622
0.002239 457.770508
0.001492 457.991425
0.001131 458.212341
0.000804 458.433289
0.002816 458.654266
0.002704 458.875214
0.002497 459.096222
0.002846 459.317230
0.002665 459.538238
0.002345 459.759277
0.002311 459.980316
0.002147 460.201386
0.002203 460.422455
0.002185 460.643555
0.002292 460.864654
0.002041 461.085785
0.002009 461.306915
0.001894 461.528046
0.001968 461.749237
0.001964 461.970398
0.002013 462.191589
0.002107 462.412811
0.002129 462.634033
0.001894 462.855286
0.001580 463.076538
0.001569 463.297791
0.001018 463.519073
0.000532 463.740387
0.000200 463.961700
0.000341 464.183014
0.000491 464.404358
0.000771 464.625732
0.000776 464.847076
0.000742 465.068481
0.000887 465.289887
0.000952 465.511292
0.000580 465.732727
0.000381 465.954163
0.000500 466.175629
0.000679 466.397095
0.000702 466.618591
0.000593 466.840088
0.000351 467.061615
0.000181 467.283142
0.000491 467.504700
0.000452 467.726257
0.000398 467.947846
0.000676 468.169434
0.000858 468.391052
0.001310 468.612671
0.001334 468.834290
0.001213 469.055939
0.001150 469.277618
0.001656 469.499298
0.001554 469.720978
0.001380 469.942688
0.001746 470.164429
0.001722 470.386169
0.001574 470.607910
0.001192 470.829681
0.000438 471.051453
0.000375 471.273254
0.000716 471.495056
0.000652 471.716888
0.000669 471.938721
0.000117 472.160583
0.000000 472.382446
0.000000 472.604340
0.000000 472.826233
0.000000 473.048157
0.000000 473.270081
0.000000 473.492035
0.000000 473.713989
0.000000 473.935944
0.000000 474.157929
0.000000 474.379944
0.000000 474.601959
0.000000 474.823975
0.000000 475.046020
0.000000 475.268066
0.000000 475.490143
0.000000 475.712250
0.000000 475.934357
0.000000 476.156464
0.000000 476.378601
0.000000 476.600738
0.000000 476.822906
0.000000 477.045074
0.000000 477.267242
0.000000 477.489471
0.000000 477.711670
0.000000 477.933899
0.000000 478.156158
0.000000 478.378418
0.000034 478.600678
0.000000 478.822968
0.000100 479.045288
0.000309 479.267609
0.000615 479.489929
0.000425 479.712280
0.000248 479.934631
0.000019 480.157013
0.000118 480.379425
0.000000 480.601807
0.000301 480.824249
0.000045 481.046661
0.000494 481.269104
0.000319 481.491577
0.000261 481.714050
0.000041 481.936554
0.000000 482.159058
0.000000 482.381561
0.000050 482.604096
0.000000 482.826660
0.000000 483.049225
0.000000 483.271790
0.000000 483.494385
0.000000 483.716980
0.000000 483.939606
0.000000 484.162231
0.000000 484.384888
0.000000 484.607544
0.000000 484.830231
0.000000 485.052917
0.000000 485.275635
0.000000 485.498352
0.000000 485.721069
0.000000 485.943848
0.000000 486.166596
0.000000 486.389374
0.000000 486.612152
0.000000 486.834961
0.000000 487.057800
0.000000 487.280609
0.000000 487.503479
0.000000 487.726349
0.000000 487.949219
0.000000 488.172089
0.000000 488.395019
0.000000 488.617920
0.000055 488.840851
0.000380 489.063812
0.000497 489.286774
0.000893 489.509735
0.001010 489.732727
0.000788 489.955750
0.000734 490.178772
0.000492 490.401794
0.000649 490.624847
0.000620 490.847900
0.000829 491.070984
0.000447 491.294067
0.000638 491.517181
0.000395 491.740295
0.000382 491.963440
0.000000 492.186584
0.000057 492.409729
0.000000 492.632904
0.000000 492.856110
0.000000 493.079285
0.000000 493.302521
0.000000 493.525757
0.000000 493.748993
0.000000 493.972260
0.000000 494.195526
0.000000 494.418823
0.000000 494.642120
0.000000 494.865417
0.000000 495.088776
0.000000 495.312103
0.000000 495.535461
0.000000 495.758850
0.000000 495.982208
0.000000 496.205627
0.000000 496.429047
0.000000 496.652466
0.000000 496.875916
0.000000 497.099365
0.000000 497.322846
0.000000 497.546326
0.000000 497.769806
0.000000 497.993317
0.000000 498.216858
0.000000 498.440399
0.000000 498.663940
0.000000 498.887512
0.000000 499.111114
0.000000 499.334686
0.000000 499.558319
0.000211 499.781921
0.000194 500.005585
0.000270 500.229218
0.000320 500.452881
0.000464 500.676575
0.000767 500.900269
0.000542 501.123993
0.000796 501.347687
0.000759 501.571442
0.000604 501.795196
0.001111 502.018951
0.001306 502.242737
0.001467 502.466522
0.001311 502.690338
0.001392 502.914154
0.001113 503.137970
0.001250 503.361816
0.001728 503.585693
0.001824 503.809570
0.002183 504.033447
0.002210 504.257355
0.002464 504.481293
0.002410 504.705200
0.002330 504.929169
0.002513 505.153107
0.002460 505.377075
0.002317 505.601074
0.002484 505.825073
0.002267 506.049103
0.002370 506.273132
0.002340 506.497162
0.002323 506.721222
0.002312 506.945282
0.001974 507.169373
0.001703 507.393463
0.001598 507.617584
0.001454 507.841705
0.001738 508.065857
0.001061 508.290008
0.001172 508.514160
0.000998 508.738342
0.001050 508.962524
0.000346 509.186737
0.000413 509.410980
0.000437 509.635193
0.000387 509.859467
0.000113 510.083710
0.000166 510.307983
0.000000 510.532288
0.000000 510.756592
0.000000 510.980896
0.000000 511.205231
0.000000 511.429596
0.000000 511.653961
0.000000 511.878326
0.000000 512.102722
0.000000 512.327087
0.000000 512.551514
0.000000 512.775940
0.000000 513.000366
0.000000 513.224853
0.000000 513.449341
0.000000 513.673828
0.000000 513.898315
0.000000 514.122803
0.000000 514.347351
0.000000 514.571899
0.000000 514.796448
0.000000 515.020996
0.000000 515.245544
0.000000 515.470154
0.000000 515.694763
0.000000 515.919373
0.000000 516.144043
0.000000 516.368652
0.000000 516.593323
0.000000 516.817993
0.000000 517.042664
0.000000 517.267395
0.000000 517.492127
0.000000 517.716858
0.000000 517.941589
0.000000 518.166321
0.000000 518.391113
0.000000 518.615906
0.000000 518.840698
0.000000 519.065491
0.000000 519.290344
0.000000 519.515137
0.000000 519.739990
0.000000 519.964905
0.000000 520.189758
0.000000 520.414673
0.000000 520.639526
0.000000 520.864502
0.000000 521.089416
0.000000 521.314331
0.000000 521.539307
0.000000 521.764282
0.000000 521.989258
0.000000 522.214294
0.000000 522.439270
0.000000 522.664307
0.000000 522.889343
0.000000 523.114380
0.000000 523.339478
0.000000 523.564575
0.000000 523.789673
0.000000 524.014771
0.000000 524.239868
0.000188 524.465027
0.000113 524.690185
0.000000 524.915344
0.000344 525.140503
0.000464 525.365723
0.000815 525.590881
0.000990 525.816101
0.000766 526.041321
0.000876 526.266602
0.000939 526.491821
0.000945 526.717102
0.000766 526.942383
0.001067 527.167725
0.001278 527.393005
0.001502 527.618347
0.001151 527.843689
0.001333 528.069031
0.001007 528.294373
0.001155 528.519775
0.001300 528.745178
0.001413 528.970581
0.001372 529.195984
0.001687 529.421387
0.001766 529.646851
0.001678 529.872315
0.001788 530.097778
0.001638 530.323242
0.001650 530.548767
0.001715 530.774292
0.001993 530.999817
0.001838 531.225342
0.001571 531.450867
0.001525 531.676453
0.001468 531.902039
0.001200 532.127625
0.001179 532.353210
0.001332 532.578857
0.001186 532.804504
0.000863 533.030151
0.000852 533.255798
0.001096 533.481445
0.000924 533.707153
0.001040 533.932861
0.001279 534.158569
0.001193 534.384277
0.001011 534.609985
0.000853 534.835754
0.000915 535.061523
0.001148 535.287293
0.001081 535.513062
0.000709 535.738892
0.000867 535.964722
0.000881 536.190552
0.000685 536.416382
0.000696 536.642273
0.000941 536.868103
0.000870 537.093994
0.000947 537.319885
0.001074 537.545776
0.001013 537.771728
0.000914 537.997681
0.000633 538.223633
0.001020 538.449585
0.001353 538.675537
0.001301 538.901550
0.001286 539.127563
0.001076 539.353577
0.000915 539.579590
0.001299 539.805603
0.001191 540.031677
0.001112 540.257752
0.001069 540.483826
0.001319 540.709900
0.001023 540.936035
0.000879 541.162170
0.000802 541.388306
0.000914 541.614441
0.000926 541.840576
0.000986 542.066772
0.000563 542.292969
0.000892 542.519165
0.000792 542.745361
0.000919 542.971619
0.000804 543.197815
0.001174 543.424072
0.000691 543.650330
0.000827 543.876648
0.001138 544.102905
0.001305 544.329224
0.001450 544.555542
0.001826 544.781860
0.002052 545.008240
0.002296 545.234558
0.002469 545.460938
0.002223 545.687317
0.002446 545.913696
0.002418 546.140137
0.002569 546.366577
0.002699 546.593018
0.002873 546.819458
0.003130 547.045898
0.003053 547.272400
0.003213 547.498840
0.003140 547.725342
0.003252 547.951843
0.003438 548.178406
0.003728 548.404907
0.003845 548.631470
0.003908 548.858032
0.003789 549.084656
0.003608 549.311218
0.003385 549.537842
0.003590 549.764465
0.003620 549.991089
0.003853 550.217712
0.003807 550.444397
0.002602 550.671021
0.002977 550.897705
0.003026 551.124390
0.003127 551.351135
0.003360 551.577820
0.003412 551.804565
0.003329 552.031311
0.003077 552.258057
0.003194 552.484863
0.003243 552.711670
0.003104 552.938416
0.002951 553.165222
0.003058 553.392090
0.002769 553.618897
0.002632 553.845764
0.002632 554.072632
0.002328 554.299500
0.001972 554.526367
0.001911 554.753296
0.002016 554.980225
0.002023 555.207153
0.001945 555.434082
0.001695 555.661011
0.001682 555.888000
0.001785 556.114990
0.001638 556.341980
0.001470 556.568970
0.001639 556.795959
0.001646 557.023010
0.001445 557.250061
0.001929 557.477112
0.001608 557.704163
0.001503 557.931274
0.001544 558.158325
0.001482 558.385437
0.001188 558.612549
0.001090 558.839722
0.001070 559.066834
0.000898 559.294006
0.001144 559.521179
0.001369 559.748352
0.001571 559.975525
0.001546 560.202759
0.001386 560.429993
0.001522 560.657227
0.001485 560.884460
0.001585 561.111755
0.001518 561.338989
0.001468 561.566284
0.001441 561.793579
0.001241 562.020874
0.000945 562.248230
0.001029 562.475525
0.000825 562.702881
0.000709 562.930237
0.000430 563.157654
0.000317 563.385010
0.000046 563.612427
0.000000 563.839844
0.000000 564.067261
0.000000 564.294678
0.000562 564.522156
0.000591 564.749634
0.000337 564.977112
0.000608 565.204590
0.000539 565.432068
0.000643 565.659607
0.000852 565.887085
0.001039 566.114624
0.000970 566.342224
0.000991 566.569763
0.000861 566.797363
0.001017 567.024902
0.000930 567.252502
0.000927 567.480164
0.000887 567.707764
0.000944 567.935425
0.001195 568.163086
0.001409 568.390747
0.001464 568.618408
0.001351 568.846069
0.001426 569.073791
0.001536 569.301514
0.001451 569.529236
0.001638 569.756958
0.001811 569.984741
0.001848 570.212524
0.002106 570.440308
0.002004 570.668091
0.001961 570.895874
0.001953 571.123718
0.001853 571.351502
0.002444 571.579346
0.002615 571.807190
0.002492 572.035095
0.002813 572.262940
0.002938 572.490845
0.003025 572.718750
0.002804 572.946655
0.002780 573.174622
0.002886 573.402527
0.002708 573.630493
0.002495 573.858459
0.002440 574.086426
0.002514 574.314453
0.002218 574.542419
0.002197 574.770447
0.001958 574.998474
0.002095 575.226502
0.001960 575.454590
0.001569 575.682617
0.001766 575.910706
0.001946 576.138794
0.001856 576.366882
0.001475 576.595032
0.001506 576.823120
0.001437 577.051269
0.001638 577.279419
0.001612 577.507629
0.001646 577.735779
0.001670 577.963989
0.001955 578.192200
0.001937 578.420410
0.001879 578.648621
0.002064 578.876831
0.001786 579.105103
0.001754 579.333374
0.001680 579.561646
0.001689 579.789917
0.001650 580.018250
0.001437 580.246521
0.001245 580.474853
0.001188 580.703186
0.001463 580.931580
0.001385 581.159912
0.001339 581.388306
0.001503 581.616699
0.001527 581.845093
0.001608 582.073486
0.001747 582.301941
0.001893 582.530334
0.002209 582.758789
0.002039 582.987244
0.001931 583.215759
0.002225 583.444214
0.002318 583.672729
0.002273 583.901245
0.002050 584.129761
0.002178 584.358276
0.002448 584.586853
0.002546 584.815430
0.002554 585.043945
0.002530 585.272583
0.002366 585.501160
0.002138 585.729736
0.002034 585.958374
0.001864 586.187012
0.001762 586.415649
0.001619 586.644348
0.001882 586.872986
0.001837 587.101685
0.001815 587.330383
0.001792 587.559082
0.001835 587.787781
0.001640 588.016541
0.001417 588.245239
0.001733 588.473999
0.001665 588.702759
0.001651 588.931580
0.001562 589.160339
0.001530 589.389160
0.001656 589.617981
0.001504 589.846802
0.001296 590.075623
0.001130 590.304504
0.001221 590.533386
0.001061 590.762268
0.001114 590.991150
0.000982 591.220032
0.000907 591.448914
0.000816 591.677856
0.000788 591.906799
0.000697 592.135742
0.000671 592.364685
0.000632 592.593689
0.000560 592.822693
0.000467 593.051697
0.000509 593.280701
0.000614 593.509705
0.000553 593.738769
0.000551 593.967773
0.000625 594.196838
0.000452 594.425903
0.000518 594.654968
0.000352 594.884094
0.000246 595.113220
0.000262 595.342346
0.000381 595.571472
0.000264 595.800598
0.000361 596.029724
0.000110 596.258911
0.000191 596.488098
0.000121 596.717285
0.000284 596.946472
0.000276 597.175720
0.000226 597.404907
0.000142 597.634155
0.000135 597.863403
0.000345 598.092651
0.000259 598.321960
0.000181 598.551269
0.000188 598.780518
0.000094 599.009827
0.000260 599.239197
0.000140 599.468506
0.000293 599.697876
0.000417 599.927185
0.000435 600.156555
0.000520 600.385986
0.000628 600.615356
0.000433 600.844788
0.000000 601.074158
0.000054 601.303589
0.000139 601.533081
0.000103 601.762512
0.000452 601.992004
0.000562 602.221435
0.000497 602.450928
0.000241 602.680481
0.000458 602.909973
0.000443 603.139465
0.000616 603.369019
0.000596 603.598572
0.000646 603.828125
0.000851 604.057739
0.000997 604.287293
0.001246 604.516907
0.001452 604.746521
0.001270 604.976135
0.001259 605.205750
0.001310 605.435425
0.001277 605.665039
0.001594 605.894714
0.001537 606.124390
0.001421 606.354126
0.001272 606.583801
0.001297 606.813538
0.001431 607.043213
0.001383 607.273010
0.001264 607.502747
0.001002 607.732483
0.000955 607.962280
0.001016 608.192078
0.000949 608.421875
0.000843 608.651672
0.000811 608.881470
0.000949 609.111328
0.000964 609.341187
0.000813 609.571045
0.000903 609.800903
0.000761 610.030762
0.000952 610.260681
0.000949 610.490540
0.000818 610.720459
0.000607 610.950440
0.000584 611.180359
0.000516 611.410278
0.000413 611.640259
0.000413 611.870239
0.000395 612.100220
0.000217 612.330200
0.000090 612.560242
0.000064 612.790222
0.000000 613.020264
0.000000 613.250305
0.000000 613.480408
0.000000 613.710449
0.000000 613.940552
0.000000 614.170593
0.000000 614.400696
0.000000 614.630859
0.000000 614.860962
0.000000 615.091125
0.000000 615.321228
0.000000 615.551392
0.000000 615.781616
0.000000 616.011780
0.000000 616.241943
0.000000 616.472168
0.000237 616.702393
0.000288 616.932617
0.000248 617.162842
0.000397 617.393127
0.000453 617.623413
0.000565 617.853638
0.000501 618.083984
0.000488 618.314270
0.000460 618.544556
0.000380 618.774902
0.000605 619.005249
0.000622 619.235596
0.000606 619.465942
0.000813 619.696289
0.000664 619.926697
0.000774 620.157104
0.000872 620.387512
0.000954 620.617920
0.000959 620.848328
0.000998 621.078796
0.001143 621.309204
0.001003 621.539673
0.001252 621.770142
0.001149 622.000610
0.001071 622.231140
0.001135 622.461670
0.001275 622.692139
0.001248 622.922668
0.001300 623.153259
0.001426 623.383789
0.001455 623.614380
0.001295 623.844910
0.001437 624.075500
0.001503 624.306152
0.001473 624.536743
0.001414 624.767334
0.001405 624.997986
0.001457 625.228638
0.001601 625.459290
0.001634 625.689941
0.001536 625.920654
0.001388 626.151367
0.001454 626.382019
0.001470 626.612732
0.001269 626.843506
0.001324 627.074219
0.001472 627.304993
0.001423 627.535706
0.001538 627.766479
0.001315 627.997315
0.001389 628.228088
0.001074 628.458862
0.001117 628.689697
0.001064 628.920532
0.001063 629.151367
0.000973 629.382202
0.000848 629.613098
0.000759 629.843994
0.000946 630.074829
0.000736 630.305725
0.000730 630.536682
0.000824 630.767578
0.000581 630.998535
0.000601 631.229431
0.000447 631.460388
0.000536 631.691345
0.000461 631.922363
0.000627 632.153320
0.000629 632.384338
0.000704 632.615356
0.000722 632.846375
0.000518 633.077393
0.000437 633.308472
0.000611 633.539490
0.000572 633.770569
0.000387 634.001648
0.000217 634.232727
0.000000 634.463806
0.000000 634.694946
0.000000 634.926086
0.000000 635.157227
0.000000 635.388367
0.000000 635.619507
0.000000 635.850647
0.000000 636.081848
0.000000 636.313049
0.000000 636.544250
0.000152 636.775452
0.000313 637.006714
0.000496 637.237915
0.000472 637.469177
0.000692 637.700440
0.000722 637.931702
0.001042 638.162964
0.001057 638.394287
0.001178 638.625549
0.001233 638.856873
0.001317 639.088196
0.001223 639.319519
0.001261 639.550903
0.001054 639.782227
0.001184 640.013611
0.001256 640.244995
0.001123 640.476379
0.001072 640.707825
0.001188 640.939209
0.001183 641.170654
0.001246 641.402100
0.001474 641.633545
0.001474 641.864990
0.001331 642.096435
0.001264 642.327942
0.001208 642.559448
0.001199 642.790955
0.001090 643.022461
0.000987 643.253967
0.000812 643.485474
0.000630 643.717041
0.000544 643.948608
0.000290 644.180176
0.000351 644.411743
0.000431 644.643372
0.000383 644.874939
0.000506 645.106567
0.000541 645.338196
0.000291 645.569824
0.000161 645.801453
0.000149 646.033142
0.000134 646.264832
0.000090 646.496460
0.000037 646.728149
0.000000 646.959900
0.000000 647.191589
0.000000 647.423340
0.000000 647.655029
0.000000 647.886780
0.000000 648.118530
0.000000 648.350342
0.000000 648.582092
0.000000 648.813904
0.000000 649.045715
0.000000 649.277527
0.000000 649.509338
0.000000 649.741150
0.000000 649.973022
0.000065 650.204895
0.000064 650.436768
0.000151 650.668640
0.000135 650.900513
0.000223 651.132385
0.000263 651.364319
0.000496 651.596252
0.000392 651.828186
0.000653 652.060120
0.000163 652.292053
0.000166 652.524048
0.000034 652.756043
0.000000 652.987976
0.000000 653.219971
0.000000 653.452026
0.000000 653.684021
0.000045 653.916077
0.000061 654.148071
0.000000 654.380127
0.000078 654.612244
0.000084 654.844299
0.000011 655.076355
0.000041 655.308472
0.000000 655.540588
0.000000 655.772705
0.000000 656.004822
0.000000 656.236938
0.000000 656.469116
0.000000 656.701294
0.000000 656.933472
0.000000 657.165649
0.000000 657.397827
0.000000 657.630005
0.000109 657.862244
0.000114 658.094482
0.000326 658.326721
0.000385 658.558960
0.000382 658.791199
0.000252 659.023498
0.000074 659.255737
0.000000 659.488037
0.000000 659.720337
0.000027 659.952698
0.000149 660.184998
0.000066 660.417297
0.000289 660.649658
0.000369 660.882019
0.000448 661.114380
0.000363 661.346741
0.000434 661.579163
0.000629 661.811584
0.000671 662.043945
0.000850 662.276367
0.001126 662.508789
0.001449 662.741272
0.001165 662.973694
0.000946 663.206177
0.001123 663.438660
0.001041 663.671143
0.001048 663.903625
0.001243 664.136108
0.001312 664.368652
0.001374 664.601196
0.001264 664.833679
0.001187 665.066284
0.001126 665.298828
0.001004 665.531372
0.000875 665.763977
0.000778 665.996582
0.000410 666.229187
0.000605 666.461792
0.000486 666.694397
0.000413 666.927002
0.000418 667.159668
0.000343 667.392334
0.000402 667.625000
0.000456 667.857666
0.000488 668.090332
0.000506 668.323059
0.000433 668.555725
0.000450 668.788452
0.000509 669.021179
0.000688 669.253967
0.000705 669.486694
0.000718 669.719421
0.000819 669.952209
0.000878 670.184998
0.000735 670.417786
0.000679 670.650574
0.000840 670.883423
0.000901 671.116211
0.000828 671.349060
0.000909 671.581909
0.000919 671.814758
0.000834 672.047607
0.000968 672.280518
0.000924 672.513428
0.000752 672.746277
0.000526 672.979187
0.000539 673.212097
0.000464 673.445068
0.000565 673.677978
0.000871 673.910950
0.000606 674.143921
0.000706 674.376892
0.000690 674.609863
0.000479 674.842834
0.000258 675.075867
0.000123 675.308838
0.000276 675.541870
0.000234 675.774902
0.000096 676.007935
0.000152 676.241028
0.000113 676.474060
0.000000 676.707153
0.000000 676.940247
0.000000 677.173340
0.000017 677.406433
0.000000 677.639587
0.000000 677.872681
0.000000 678.105835
0.000000 678.338989
0.000000 678.572144
0.000000 678.805298
0.000000 679.038513
0.000000 679.271668
0.000000 679.504883
0.000000 679.738098
0.000000 679.971313
0.000000 680.204529
0.000000 680.437805
0.000000 680.671021
0.000000 680.904297
0.000000 681.137573
0.000000 681.370850
0.000000 681.604126
0.000000 681.837463
0.000000 682.070740
0.000000 682.304077
0.000000 682.537415
0.000000 682.770752
0.000000 683.004150
0.000000 683.237488
0.000000 683.470886
0.000059 683.704224
0.000306 683.937622
0.000316 684.171082
0.000515 684.404480
0.000820 684.637878
0.000880 684.871338
0.000832 685.104797
0.001047 685.338257
0.001007 685.571716
0.000888 685.805176
0.000699 686.038696
0.000811 686.272156
0.000754 686.505676
0.000607 686.739197
0.000447 686.972717
0.000579 687.206299
0.000473 687.439819
0.000275 687.673401
0.000283 687.906982
0.000000 688.140564
0.000257 688.374146
0.000353 688.607727
0.000452 688.841370
0.000497 689.074951
0.000638 689.308594
0.000595 689.542236
0.000445 689.775879
0.000348 690.009582
0.000182 690.243225
0.000160 690.476929
0.000000 690.710632
0.000000 690.944336
0.000000 691.178040
0.000000 691.411743
0.000000 691.645447
0.000000 691.879211
0.000000 692.112976
0.000000 692.346741
0.000000 692.580505
0.000000 692.814270
0.000000 693.048096
0.000000 693.281921
0.000000 693.515686
0.000000 693.749512
0.000000 693.983398
0.000040 694.217224
0.000000 694.451050
0.000031 694.684937
0.000566 694.918823
0.000585 695.152710
0.000615 695.386597
0.000697 695.620483
0.000655 695.854431
0.000823 696.088318
0.000592 696.322266
0.000560 696.556213
0.000631 696.790161
0.000310 697.024109
0.000204 697.258118
0.000251 697.492127
0.000540 697.726074
0.000596 697.960083
0.000442 698.194092
0.000540 698.428162
0.000358 698.662170
0.000060 698.896240
0.000000 699.130310
0.000000 699.364319
0.000000 699.598450
0.000043 699.832519
