0.000000 299.929565
0.000000 300.138336
0.000000 300.347137
0.000000 300.555939
0.000000 300.764770
0.000000 300.973602
0.000002 301.182465
0.000004 301.391357
0.000004 301.600250
0.000000 301.809174
0.000005 302.018127
0.000010 302.227081
0.000013 302.436066
0.000010 302.645050
0.000019 302.854065
0.000023 303.063080
0.000020 303.272125
0.000018 303.481201
0.000016 303.690277
0.000010 303.899383
0.000022 304.108520
0.000034 304.317657
0.000038 304.526794
0.000043 304.735962
0.000042 304.945160
0.000036 305.154388
0.000039 305.363617
0.000049 305.572846
0.000051 305.782105
0.000051 305.991394
0.000059 306.200714
0.000061 306.410034
0.000056 306.619354
0.000063 306.828705
0.000066 307.038086
0.000064 307.247467
0.000070 307.456879
0.000065 307.666321
0.000062 307.875763
0.000058 308.085236
0.000061 308.294708
0.000065 308.504211
0.000069 308.713715
0.000063 308.923248
0.000062 309.132812
0.000060 309.342377
0.000061 309.551971
0.000055 309.761597
0.000052 309.971222
0.000044 310.180847
0.000044 310.390533
0.000049 310.600189
0.000048 310.809906
0.000043 311.019623
0.000037 311.229340
0.000026 311.439087
0.000024 311.648865
0.000009 311.858643
0.000012 312.068451
0.000011 312.278290
0.000009 312.488129
0.000017 312.697998
0.000006 312.907867
0.000003 313.117767
0.000008 313.327667
0.000005 313.537598
0.000008 313.747559
0.000000 313.957519
0.000000 314.167511
0.000004 314.377502
0.000015 314.587524
0.000010 314.797577
0.000009 315.007629
0.000009 315.217712
0.000006 315.427795
0.000000 315.637909
0.000000 315.848023
0.000005 316.058197
0.000012 316.268341
0.000009 316.478516
0.000025 316.688721
0.000024 316.898956
0.000026 317.109192
0.000035 317.319428
0.000033 317.529694
0.000033 317.739990
0.000038 317.950317
0.000036 318.160614
0.000036 318.370972
0.000044 318.581329
0.000048 318.791718
0.000049 319.002106
0.000056 319.212524
0.000055 319.422943
0.000060 319.633392
0.000073 319.843872
0.000076 320.054352
0.000071 320.264862
0.000080 320.475372
0.000088 320.685913
0.000099 320.896484
0.000104 321.107056
0.000098 321.317627
0.000104 321.528259
0.000111 321.738861
0.000113 321.949524
0.000103 322.160187
0.000104 322.370850
0.000109 322.581573
0.000103 322.792267
0.000104 323.003021
0.000105 323.213776
0.000107 323.424530
0.000099 323.635315
0.000095 323.846130
0.000094 324.056946
0.000095 324.267792
0.000089 324.478638
0.000098 324.689514
0.000083 324.900421
0.000085 325.111328
0.000090 325.322266
0.000079 325.533203
0.000083 325.744171
0.000087 325.955139
0.000087 326.166138
0.000083 326.377167
0.000073 326.588196
0.000077 326.799255
0.000080 327.010315
0.000069 327.221405
0.000060 327.432495
0.000056 327.643616
0.000051 327.854767
0.000040 328.065918
0.000037 328.277100
0.000033 328.488312
0.000035 328.699493
0.000031 328.910736
0.000035 329.121979
0.000034 329.333252
0.000031 329.544525
0.000015 329.755829
0.000010 329.967133
0.000007 330.178467
0.000010 330.389832
0.000014 330.601196
0.000019 330.812592
0.000031 331.023987
0.000028 331.235413
0.000031 331.446838
0.000033 331.658295
0.000029 331.869781
0.000030 332.081268
0.000038 332.292786
0.000034 332.504303
0.000026 332.715851
0.000028 332.927399
0.000041 333.138977
0.000039 333.350586
0.000043 333.562195
0.000046 333.773834
0.000046 333.985474
0.000049 334.197144
0.000041 334.408844
0.000042 334.620544
0.000042 334.832245
0.000044 335.043976
0.000044 335.255737
0.000046 335.467499
0.000051 335.679291
0.000052 335.891113
0.000041 336.102936
0.000032 336.314789
0.000044 336.526642
0.000040 336.738495
0.000048 336.950409
0.000053 337.162323
0.000055 337.374237
0.000049 337.586182
0.000063 337.798157
0.000057 338.010132
0.000051 338.222137
0.000049 338.434143
0.000047 338.646179
0.000049 338.858215
0.000039 339.070282
0.000040 339.282379
0.000047 339.494476
0.000040 339.706604
0.000036 339.918732
0.000033 340.130890
0.000000 340.343079
0.000004 340.555267
0.000003 340.767456
0.000022 340.979675
0.000031 341.191925
0.000037 341.404175
0.000043 341.616455
0.000050 341.828766
0.000047 342.041077
0.000060 342.253387
0.000065 342.465729
0.000089 342.678101
0.000100 342.890472
0.000101 343.102875
0.000107 343.315277
0.000110 343.527710
0.000119 343.740173
0.000124 343.952637
0.000133 344.165131
0.000139 344.377625
0.000150 344.590149
0.000162 344.802673
0.000171 345.015228
0.000173 345.227783
0.000190 345.440369
0.000207 345.652985
0.000217 345.865601
0.000213 346.078247
0.000224 346.290894
0.000232 346.503571
0.000226 346.716248
0.000229 346.928955
0.000231 347.141693
0.000232 347.354431
0.000214 347.567200
0.000207 347.779968
0.000208 347.992767
0.000193 348.205566
0.000177 348.418396
0.000172 348.631256
0.000170 348.844116
0.000167 349.056976
0.000166 349.269867
0.000149 349.482788
0.000151 349.695709
0.000133 349.908661
0.000119 350.121643
0.000110 350.334625
0.000105 350.547607
0.000091 350.760620
0.000085 350.973663
0.000068 351.186707
0.000066 351.399780
0.000051 351.612885
0.000032 351.825958
0.000026 352.039093
0.000021 352.252228
0.000015 352.465393
0.000011 352.678558
0.000007 352.891724
0.000003 353.104950
0.000045 353.318176
0.000039 353.531403
0.000042 353.744659
0.000039 353.957916
0.000034 354.171204
0.000044 354.384522
0.000050 354.597839
0.000055 354.811188
0.000065 355.024536
0.000067 355.237915
0.000075 355.451324
0.000079 355.664734
0.000076 355.878143
0.000095 356.091583
0.000098 356.305054
0.000112 356.518524
0.000118 356.732025
0.000129 356.945526
0.000143 357.159058
0.000160 357.372589
0.000168 357.586151
0.000189 357.799744
0.000199 358.013336
0.000216 358.226959
0.000226 358.440582
0.000231 358.654236
0.000250 358.867889
0.000276 359.081573
0.000302 359.295258
0.000322 359.508972
0.000340 359.722717
0.000372 359.936462
0.000403 360.150238
0.000440 360.364014
0.000494 360.577820
0.000545 360.791626
0.000591 361.005463
0.000652 361.219299
0.000701 361.433167
0.000750 361.647064
0.000801 361.860962
0.000862 362.074860
0.000926 362.288818
0.000997 362.502747
0.001057 362.716736
0.000000 362.930725
0.000000 363.144714
0.000000 363.358734
0.000000 363.572754
0.000000 363.786804
0.000000 364.000885
0.000000 364.214966
0.000000 364.429077
0.000000 364.643189
0.000000 364.857330
0.000000 365.071472
0.000000 365.285644
0.000000 365.499847
0.001809 365.714050
0.032863 365.928253
0.064811 366.142487
0.099419 366.356750
0.132916 366.571014
0.169734 366.785309
0.206927 366.999603
0.249664 367.213928
0.287891 367.428284
0.330989 367.642639
0.372321 367.856995
0.412947 368.071381
0.453869 368.285797
0.496097 368.500214
0.534862 368.714661
0.573785 368.929108
0.611372 369.143585
0.650118 369.358063
0.688506 369.572571
0.724617 369.787109
0.756363 370.001648
0.790270 370.216186
0.822149 370.430756
0.852401 370.645355
0.878704 370.859955
0.903782 371.074585
0.927113 371.289215
0.945725 371.503876
0.964251 371.718536
0.977175 371.933227
0.986234 372.147949
0.991513 372.362671
0.998138 372.577393
1.000000 372.792145
0.997859 373.006928
0.994612 373.221710
0.984192 373.436523
0.973027 373.651337
0.958066 373.866180
0.936955 374.081024
0.914285 374.295898
0.887477 374.510803
0.857168 374.725708
0.822000 374.940613
0.782003 375.155548
0.737501 375.370514
0.686818 375.585480
0.634545 375.800476
0.611827 376.015472
0.592530 376.230499
0.570145 376.445526
0.548890 376.660583
0.528783 376.875671
0.513049 377.090759
0.492613 377.305847
0.478962 377.520966
0.466478 377.736114
0.452371 377.951263
0.436625 378.166443
0.425224 378.381622
0.414811 378.596832
0.404259 378.812042
0.392663 379.027283
0.382209 379.242523
0.373423 379.457794
0.365032 379.673096
0.356533 379.888397
0.348828 380.103699
0.337823 380.319031
0.330376 380.534393
0.320137 380.749756
0.311413 380.965149
0.303208 381.180542
0.295634 381.395966
0.286576 381.611389
0.280874 381.826843
0.274776 382.042328
0.268994 382.257812
0.260715 382.473297
0.251865 382.688812
0.243527 382.904358
0.237721 383.119904
0.230174 383.335480
0.220867 383.551056
0.211152 383.766632
0.202552 383.982269
0.193851 384.197906
0.183287 384.413544
0.173977 384.629211
0.163994 384.844879
0.154996 385.060577
0.147594 385.276306
0.141266 385.492035
0.133353 385.707764
0.124731 385.923523
0.118601 386.139313
0.109656 386.355102
0.104288 386.570923
0.096595 386.786743
0.087351 387.002594
0.081866 387.218445
0.074310 387.434326
0.066825 387.650208
0.058029 387.866119
0.050193 388.082062
0.043239 388.298004
0.035884 388.513946
0.032098 388.729919
0.026147 388.945923
0.021312 389.161926
0.015279 389.377960
0.010989 389.593994
0.007347 389.810059
0.004154 390.026123
0.000078 390.242218
0.000000 390.458313
0.000000 390.674439
0.000000 390.890564
0.000000 391.106720
0.000000 391.322906
0.000000 391.539093
0.000000 391.755279
0.000000 391.971497
0.000000 392.187744
0.000000 392.403992
0.000000 392.620270
0.000000 392.836548
0.000000 393.052856
0.000000 393.269165
0.000000 393.485504
0.000254 393.701843
0.000145 393.918213
0.001771 394.134583
0.003847 394.350983
0.004707 394.567413
0.004020 394.783814
0.002607 395.000275
0.002230 395.216736
0.001942 395.433227
0.002513 395.649719
0.002414 395.866211
0.003170 396.082733
0.004021 396.299286
0.003603 396.515839
0.003026 396.732422
0.003436 396.949005
0.003729 397.165619
0.003226 397.382233
0.003480 397.598877
0.004500 397.815552
0.003512 398.032196
0.003836 398.248901
0.003409 398.465607
0.004392 398.682312
0.002546 398.899048
0.004251 399.115814
0.003833 399.332581
0.003438 399.549377
0.003653 399.766174
0.003284 399.982971
0.003600 400.199799
0.002663 400.416656
0.002275 400.633514
0.001859 400.850403
0.003091 401.067291
0.002310 401.284210
0.002102 401.501160
0.002578 401.718079
0.000951 401.935059
0.000119 402.152039
0.001265 402.369019
0.001337 402.586029
0.001389 402.803070
0.001166 403.020111
0.001358 403.237152
0.000770 403.454224
0.001258 403.671326
0.001876 403.888428
0.001920 404.105530
0.002743 404.322693
0.002854 404.539825
0.003328 404.756988
0.002882 404.974182
0.002792 405.191376
0.003505 405.408600
0.003330 405.625824
0.003197 405.843079
0.004307 406.060364
0.003667 406.277618
0.004661 406.494934
0.005214 406.712250
0.000388 406.929565
0.002615 407.146912
0.002542 407.364288
0.002993 407.581665
0.003460 407.799042
0.004943 408.016449
0.006317 408.233887
0.006940 408.451324
0.008194 408.668762
0.009011 408.886231
0.009794 409.103729
0.010230 409.321228
0.010896 409.538757
0.010817 409.756287
0.011934 409.973846
0.011754 410.191406
0.011942 410.408997
0.012703 410.626587
0.012159 410.844208
0.011988 411.061829
0.011031 411.279480
0.011365 411.497131
0.012359 411.714813
0.013082 411.932495
0.013576 412.150208
0.013475 412.367950
0.014349 412.585693
0.014665 412.803436
0.014096 413.021210
0.013743 413.239014
0.012909 413.456818
0.013140 413.674622
0.012477 413.892456
0.012924 414.110321
0.011705 414.328186
0.011504 414.546051
0.011281 414.763977
0.010981 414.981873
0.011107 415.199799
0.011838 415.417755
0.010832 415.635712
0.010257 415.853699
0.009875 416.071686
0.009935 416.289703
0.007992 416.507721
0.009190 416.725769
0.008589 416.943817
0.007274 417.161896
0.005816 417.379974
0.004910 417.598083
0.003808 417.816193
0.003266 418.034332
0.002936 418.252472
0.003348 418.470642
0.003038 418.688843
0.002175 418.907013
0.002093 419.125244
0.001597 419.343475
0.002543 419.561707
0.001108 419.779968
0.000360 419.998261
0.005702 420.216553
0.005058 420.434845
0.005812 420.653168
0.005016 420.871521
0.004717 421.089874
0.004796 421.308227
0.005064 421.526611
0.005188 421.745026
0.004970 421.963440
0.004808 422.181854
0.005205 422.400299
0.004935 422.618774
0.005162 422.837250
0.005105 423.055756
0.005618 423.274262
0.005844 423.492767
0.005001 423.711334
0.003968 423.929871
0.004515 424.148438
0.004733 424.367035
0.005106 424.585632
0.005345 424.804260
0.005477 425.022888
0.005329 425.241547
0.006538 425.460205
0.006336 425.678894
0.005871 425.897583
0.005419 426.116303
0.005231 426.335022
0.004385 426.553772
0.005096 426.772522
0.005069 426.991303
0.005156 427.210083
0.004067 427.428894
0.003354 427.647705
0.003259 427.866547
0.002778 428.085388
0.001789 428.304260
0.001801 428.523163
0.000000 428.742035
0.000000 428.960968
0.000000 429.179901
0.000020 429.398834
0.000000 429.617798
0.000412 429.836762
0.000000 430.055756
0.000000 430.274780
0.000000 430.493774
0.000000 430.712830
0.000000 430.931885
0.000000 431.150940
0.000000 431.370026
0.000000 431.589111
0.000005 431.808227
0.000168 432.027374
0.000392 432.246521
0.000535 432.465668
0.000452 432.684845
0.000000 432.904053
0.000175 433.123230
0.000000 433.342468
0.000000 433.561707
0.000000 433.780945
0.000000 434.000214
0.000000 434.219513
0.000000 434.438812
0.000000 434.658112
0.000000 434.877441
0.000000 435.096802
0.000000 435.316162
0.000000 435.535523
0.000473 435.754913
0.000214 435.974335
0.001112 436.193756
0.001431 436.413178
0.001301 436.632629
0.001307 436.852081
0.002578 437.071564
0.002750 437.291077
0.002891 437.510590
0.003115 437.730102
0.004296 437.949646
0.004379 438.169220
0.004864 438.388794
0.005753 438.608368
0.006130 438.827972
0.006790 439.047607
0.006346 439.267242
0.006213 439.486877
0.005388 439.706543
0.004847 439.926239
0.004631 440.145935
0.004228 440.365631
0.003644 440.585358
0.003692 440.805115
0.002565 441.024872
0.001891 441.244629
0.001245 441.464417
0.000771 441.684235
0.000282 441.904053
0.001260 442.123871
0.001770 442.343720
0.002290 442.563599
0.001665 442.783478
0.001620 443.003357
0.001001 443.223267
0.000692 443.443176
0.000216 443.663117
0.001190 443.883087
0.002106 444.103058
0.002012 444.323029
0.001846 444.543030
0.001972 444.763061
0.001628 444.983063
0.000000 445.203125
0.000000 445.423187
0.000000 445.643250
0.000000 445.863342
0.000000 446.083466
0.000000 446.303558
0.000000 446.523712
0.000000 446.743866
0.000417 446.964020
0.001183 447.184204
0.001771 447.404388
0.002010 447.624603
0.002956 447.844849
0.003573 448.065064
0.004155 448.285339
0.004495 448.505615
0.005193 448.725891
0.006312 448.946197
0.005976 449.166504
0.008413 449.386841
0.008557 449.607178
0.008823 449.827545
0.009374 450.047913
0.010201 450.268310
0.010916 450.488708
0.011292 450.709137
0.011356 450.929565
0.011124 451.150024
0.011222 451.370483
0.011521 451.590973
0.011421 451.811462
0.011098 452.031982
0.010859 452.252502
0.010438 452.473053
0.010480 452.693603
0.010043 452.914185
0.010555 453.134766
0.010227 453.355347
0.010094 453.575989
0.009313 453.796600
0.008712 454.017242
0.007783 454.237915
0.008681 454.458588
0.008522 454.679291
0.008066 454.899994
0.007853 455.120697
0.008894 455.341431
0.008481 455.562195
0.008239 455.782959
0.006716 456.003723
0.006573 456.224518
0.006106 456.445343
0.005289 456.666168
0.005140 456.886993
0.005088 457.107849
0.005071 457.328735
0.004717 457.549622
0.003565 457.770508
0.002064 457.991425
0.001493 458.212341
0.001023 458.433289
0.004440 458.654266
0.004068 458.875214
0.003856 459.096222
0.004517 459.317230
0.004303 459.538238
0.003682 459.759277
0.003709 459.980316
0.003327 460.201386
0.003377 460.422455
0.003407 460.643555
0.003440 460.864654
0.002894 461.085785
0.002825 461.306915
0.002860 461.528046
0.003094 461.749237
0.003140 461.970398
0.003103 462.191589
0.003200 462.412811
0.003224 462.634033
0.002803 462.855286
0.002267 463.076538
0.002169 463.297791
0.001122 463.519073
0.000209 463.740387
0.000000 463.961700
0.000000 464.183014
0.000171 464.404358
0.000752 464.625732
0.000878 464.847076
0.000871 465.068481
0.001115 465.289887
0.001410 465.511292
0.000824 465.732727
0.000586 465.954163
0.000640 466.175629
0.001074 466.397095
0.000990 466.618591
0.001085 466.840088
0.000757 467.061615
0.000441 467.283142
0.000992 467.504700
0.000872 467.726257
0.000724 467.947846
0.001086 468.169434
0.001489 468.391052
0.002213 468.612671
0.002183 468.834290
0.001879 469.055939
0.001778 469.277618
0.002617 469.499298
0.002419 469.720978
0.002087 469.942688
0.002564 470.164429
0.002395 470.386169
0.002091 470.607910
0.001538 470.829681
0.000407 471.051453
0.000282 471.273254
0.001036 471.495056
0.000796 471.716888
0.000864 471.938721
0.000000 472.160583
0.000000 472.382446
0.000000 472.604340
0.000000 472.826233
0.000000 473.048157
0.000000 473.270081
0.000000 473.492035
0.000000 473.713989
0.000000 473.935944
0.000000 474.157929
0.000000 474.379944
0.000000 474.601959
0.000000 474.823975
0.000000 475.046020
0.000000 475.268066
0.000000 475.490143
0.000000 475.712250
0.000000 475.934357
0.000000 476.156464
0.000000 476.378601
0.000000 476.600738
0.000000 476.822906
0.000000 477.045074
0.000000 477.267242
0.000000 477.489471
0.000000 477.711670
0.000000 477.933899
0.000000 478.156158
0.000000 478.378418
0.000080 478.600678
0.000000 478.822968
0.000003 479.045288
0.000538 479.267609
0.001154 479.489929
0.000937 479.712280
0.000679 479.934631
0.000418 480.157013
0.000549 480.379425
0.000340 480.601807
0.000970 480.824249
0.000593 481.046661
0.001285 481.269104
0.001004 481.491577
0.000907 481.714050
0.000477 481.936554
0.000358 482.159058
0.000000 482.381561
0.000625 482.604096
0.000269 482.826660
0.000000 483.049225
0.000000 483.271790
0.000000 483.494385
0.000000 483.716980
0.000000 483.939606
0.000000 484.162231
0.000000 484.384888
0.000000 484.607544
0.000000 484.830231
0.000000 485.052917
0.000000 485.275635
0.000000 485.498352
0.000000 485.721069
0.000000 485.943848
0.000000 486.166596
0.000000 486.389374
0.000000 486.612152
0.000000 486.834961
0.000000 487.057800
0.000035 487.280609
0.000061 487.503479
0.000000 487.726349
0.000103 487.949219
0.000000 488.172089
0.000000 488.395019
0.000000 488.617920
0.000360 488.840851
0.001000 489.063812
0.001029 489.286774
0.001707 489.509735
0.001758 489.732727
0.001317 489.955750
0.001058 490.178772
0.000624 490.401794
0.000841 490.624847
0.000880 490.847900
0.001407 491.070984
0.000584 491.294067
0.000895 491.517181
0.000466 491.740295
0.000489 491.963440
0.000000 492.186584
0.000094 492.409729
0.000000 492.632904
0.000000 492.856110
0.000000 493.079285
0.000000 493.302521
0.000000 493.525757
0.000000 493.748993
0.000000 493.972260
0.000000 494.195526
0.000000 494.418823
0.000000 494.642120
0.000000 494.865417
0.000000 495.088776
0.000000 495.312103
0.000000 495.535461
0.000000 495.758850
0.000000 495.982208
0.000000 496.205627
0.000000 496.429047
0.000000 496.652466
0.000000 496.875916
0.000000 497.099365
0.000000 497.322846
0.000000 497.546326
0.000000 497.769806
0.000000 497.993317
0.000000 498.216858
0.000000 498.440399
0.000000 498.663940
0.000000 498.887512
0.000000 499.111114
0.000000 499.334686
0.000000 499.558319
0.000000 499.781921
0.000020 500.005585
0.000118 500.229218
0.000115 500.452881
0.000365 500.676575
0.000808 500.900269
0.000321 501.123993
0.000860 501.347687
0.000860 501.571442
0.000747 501.795196
0.001652 502.018951
0.002041 502.242737
0.002241 502.466522
0.001945 502.690338
0.002164 502.914154
0.001773 503.137970
0.002056 503.361816
0.002993 503.585693
0.003250 503.809570
0.004010 504.033447
0.004012 504.257355
0.004424 504.481293
0.004322 504.705200
0.004158 504.929169
0.004462 505.153107
0.004440 505.377075
0.004113 505.601074
0.004328 505.825073
0.004061 506.049103
0.004378 506.273132
0.004339 506.497162
0.004382 506.721222
0.004221 506.945282
0.003593 507.169373
0.003104 507.393463
0.002947 507.617584
0.002668 507.841705
0.003100 508.065857
0.002014 508.290008
0.002118 508.514160
0.001701 508.738342
0.001817 508.962524
0.000587 509.186737
0.000701 509.410980
0.000686 509.635193
0.000597 509.859467
0.000130 510.083710
0.000127 510.307983
0.000000 510.532288
0.000000 510.756592
0.000000 510.980896
0.000000 511.205231
0.000000 511.429596
0.000000 511.653961
0.000000 511.878326
0.000000 512.102722
0.000000 512.327087
0.000000 512.551514
0.000000 512.775940
0.000000 513.000366
0.000000 513.224853
0.000000 513.449341
0.000000 513.673828
0.000000 513.898315
0.000000 514.122803
0.000000 514.347351
0.000000 514.571899
0.000000 514.796448
0.000000 515.020996
0.000000 515.245544
0.000000 515.470154
0.000000 515.694763
0.000000 515.919373
0.000000 516.144043
0.000000 516.368652
0.000000 516.593323
0.000000 516.817993
0.000000 517.042664
0.000000 517.267395
0.000000 517.492127
0.000000 517.716858
0.000000 517.941589
0.000000 518.166321
0.000000 518.391113
0.000000 518.615906
0.000000 518.840698
0.000004 519.065491
0.000000 519.290344
0.000000 519.515137
0.000000 519.739990
0.000000 519.964905
0.000000 520.189758
0.000000 520.414673
0.000000 520.639526
0.000000 520.864502
0.000000 521.089416
0.000000 521.314331
0.000000 521.539307
0.000000 521.764282
0.000000 521.989258
0.000000 522.214294
0.000000 522.439270
0.000000 522.664307
0.000000 522.889343
0.000000 523.114380
0.000000 523.339478
0.000000 523.564575
0.000000 523.789673
0.000000 524.014771
0.000000 524.239868
0.000070 524.465027
0.000000 524.690185
0.000000 524.915344
0.000249 525.140503
0.000495 525.365723
0.001093 525.590881
0.001270 525.816101
0.000812 526.041321
0.001109 526.266602
0.001329 526.491821
0.001334 526.717102
0.001029 526.942383
0.001483 527.167725
0.001810 527.393005
0.002185 527.618347
0.001645 527.843689
0.001903 528.069031
0.001393 528.294373
0.001651 528.519775
0.001897 528.745178
0.002116 528.970581
0.001972 529.195984
0.002681 529.421387
0.002709 529.646851
0.002504 529.872315
0.002657 530.097778
0.002452 530.323242
0.002537 530.548767
0.002550 530.774292
0.003011 530.999817
0.002737 531.225342
0.002358 531.450867
0.002285 531.676453
0.002164 531.902039
0.001743 532.127625
0.001742 532.353210
0.001943 532.578857
0.001554 532.804504
0.001000 533.030151
0.001117 533.255798
0.001581 533.481445
0.001197 533.707153
0.001344 533.932861
0.001873 534.158569
0.001637 534.384277
0.001218 534.609985
0.001080 534.835754
0.001135 535.061523
0.001598 535.287293
0.001530 535.513062
0.000954 535.738892
0.001157 535.964722
0.001114 536.190552
0.000698 536.416382
0.000741 536.642273
0.001091 536.868103
0.001078 537.093994
0.001124 537.319885
0.001389 537.545776
0.001290 537.771728
0.001088 537.997681
0.000600 538.223633
0.001256 538.449585
0.001895 538.675537
0.001866 538.901550
0.001843 539.127563
0.001511 539.353577
0.001325 539.579590
0.002085 539.805603
0.001875 540.031677
0.001714 540.257752
0.001582 540.483826
0.002029 540.709900
0.001537 540.936035
0.001283 541.162170
0.001158 541.388306
0.001244 541.614441
0.001332 541.840576
0.001395 542.066772
0.000720 542.292969
0.001204 542.519165
0.000949 542.745361
0.001109 542.971619
0.000858 543.197815
0.001377 543.424072
0.000636 543.650330
0.000908 543.876648
0.001394 544.102905
0.001601 544.329224
0.001854 544.555542
0.002528 544.781860
0.002910 545.008240
0.003331 545.234558
0.003587 545.460938
0.003244 545.687317
0.003695 545.913696
0.003628 546.140137
0.003880 546.366577
0.004100 546.593018
0.004377 546.819458
0.004709 547.045898
0.004572 547.272400
0.004827 547.498840
0.004726 547.725342
0.004780 547.951843
0.005126 548.178406
0.005563 548.404907
0.005765 548.631470
0.005891 548.858032
0.005795 549.084656
0.005571 549.311218
0.005220 549.537842
0.005573 549.764465
0.005615 549.991089
0.006097 550.217712
0.006086 550.444397
0.004127 550.671021
0.004679 550.897705
0.004857 551.124390
0.005056 551.351135
0.005504 551.577820
0.005627 551.804565
0.005487 552.031311
0.005122 552.258057
0.005352 552.484863
0.005549 552.711670
0.005280 552.938416
0.005086 553.165222
0.005095 553.392090
0.004549 553.618897
0.004339 553.845764
0.004316 554.072632
0.003910 554.299500
0.003400 554.526367
0.003261 554.753296
0.003463 554.980225
0.003457 555.207153
0.003435 555.434082
0.002963 555.661011
0.002977 555.888000
0.003186 556.114990
0.002905 556.341980
0.002725 556.568970
0.003022 556.795959
0.002937 557.023010
0.002701 557.250061
0.003493 557.477112
0.002961 557.704163
0.002805 557.931274
0.002975 558.158325
0.002925 558.385437
0.002458 558.612549
0.002305 558.839722
0.002293 559.066834
0.002066 559.294006
0.002512 559.521179
0.002850 559.748352
0.003193 559.975525
0.003054 560.202759
0.002693 560.429993
0.002937 560.657227
0.002896 560.884460
0.003034 561.111755
0.002995 561.338989
0.002886 561.566284
0.002877 561.793579
0.002565 562.020874
0.002169 562.248230
0.002289 562.475525
0.002070 562.702881
0.001866 562.930237
0.001339 563.157654
0.001141 563.385010
0.000655 563.612427
0.000428 563.839844
0.000000 564.067261
0.000000 564.294678
0.001540 564.522156
0.001631 564.749634
0.001207 564.977112
0.001621 565.204590
0.001464 565.432068
0.001563 565.659607
0.001886 565.887085
0.002162 566.114624
0.002009 566.342224
0.001936 566.569763
0.001709 566.797363
0.001940 567.024902
0.001832 567.252502
0.001849 567.480164
0.001768 567.707764
0.001807 567.935425
0.002235 568.163086
0.002506 568.390747
0.002613 568.618408
0.002389 568.846069
0.002517 569.073791
0.002643 569.301514
0.002591 569.529236
0.002896 569.756958
0.003124 569.984741
0.003214 570.212524
0.003572 570.440308
0.003345 570.668091
0.003380 570.895874
0.003336 571.123718
0.003232 571.351502
0.004226 571.579346
0.004496 571.807190
0.004236 572.035095
0.004758 572.262940
0.004968 572.490845
0.005105 572.718750
0.004639 572.946655
0.004554 573.174622
0.004647 573.402527
0.004446 573.630493
0.004044 573.858459
0.003889 574.086426
0.004115 574.314453
0.003670 574.542419
0.003768 574.770447
0.003395 574.998474
0.003653 575.226502
0.003529 575.454590
0.002983 575.682617
0.003318 575.910706
0.003667 576.138794
0.003579 576.366882
0.002747 576.595032
0.002762 576.823120
0.002668 577.051269
0.002996 577.279419
0.002996 577.507629
0.003049 577.735779
0.002998 577.963989
0.003455 578.192200
0.003367 578.420410
0.003224 578.648621
0.003492 578.876831
0.003081 579.105103
0.003032 579.333374
0.002948 579.561646
0.002985 579.789917
0.002954 580.018250
0.002603 580.246521
0.002387 580.474853
0.002298 580.703186
0.002657 580.931580
0.002458 581.159912
0.002345 581.388306
0.002627 581.616699
0.002734 581.845093
0.002797 582.073486
0.003010 582.301941
0.003204 582.530334
0.003715 582.758789
0.003414 582.987244
0.003303 583.215759
0.003716 583.444214
0.003852 583.672729
0.003815 583.901245
0.003455 584.129761
0.003689 584.358276
0.004185 584.586853
0.004263 584.815430
0.004260 585.043945
0.004208 585.272583
0.003891 585.501160
0.003496 585.729736
0.003414 585.958374
0.003119 586.187012
0.003019 586.415649
0.002705 586.644348
0.003203 586.872986
0.003112 587.101685
0.003191 587.330383
0.003070 587.559082
0.003251 587.787781
0.003056 588.016541
0.002719 588.245239
0.003272 588.473999
0.003114 588.702759
0.003069 588.931580
0.002834 589.160339
0.002808 589.389160
0.002931 589.617981
0.002723 589.846802
0.002322 590.075623
0.001990 590.304504
0.002207 590.533386
0.001958 590.762268
0.001970 590.991150
0.001697 591.220032
0.001511 591.448914
0.001317 591.677856
0.001341 591.906799
0.001157 592.135742
0.001081 592.364685
0.001065 592.593689
0.000913 592.822693
0.000651 593.051697
0.000703 593.280701
0.000774 593.509705
0.000590 593.738769
0.000582 593.967773
0.000657 594.196838
0.000221 594.425903
0.000273 594.654968
0.000000 594.884094
0.000000 595.113220
0.000000 595.342346
0.000000 595.571472
0.000000 595.800598
0.000000 596.029724
0.000000 596.258911
0.000000 596.488098
0.000000 596.717285
0.000000 596.946472
0.000000 597.175720
0.000000 597.404907
0.000000 597.634155
0.000000 597.863403
0.000000 598.092651
0.000000 598.321960
0.000000 598.551269
0.000000 598.780518
0.000000 599.009827
0.000000 599.239197
0.000000 599.468506
0.000011 599.697876
0.000226 599.927185
0.000323 600.156555
0.000423 600.385986
0.000662 600.615356
0.000398 600.844788
0.000000 601.074158
0.000000 601.303589
0.000093 601.533081
0.000087 601.762512
0.000654 601.992004
0.000800 602.221435
0.000681 602.450928
0.000289 602.680481
0.000664 602.909973
0.000694 603.139465
0.000974 603.369019
0.001021 603.598572
0.001033 603.828125
0.001276 604.057739
0.001479 604.287293
0.001914 604.516907
0.002221 604.746521
0.001985 604.976135
0.001983 605.205750
0.002063 605.435425
0.001927 605.665039
0.002395 605.894714
0.002240 606.124390
0.002117 606.354126
0.001801 606.583801
0.001847 606.813538
0.002102 607.043213
0.002020 607.273010
0.001963 607.502747
0.001521 607.732483
0.001478 607.962280
0.001627 608.192078
0.001552 608.421875
0.001342 608.651672
0.001287 608.881470
0.001492 609.111328
0.001375 609.341187
0.001096 609.571045
0.001256 609.800903
0.001025 610.030762
0.001414 610.260681
0.001451 610.490540
0.001253 610.720459
0.000943 610.950440
0.000976 611.180359
0.000809 611.410278
0.000657 611.640259
0.000715 611.870239
0.000745 612.100220
0.000415 612.330200
0.000274 612.560242
0.000251 612.790222
0.000000 613.020264
0.000000 613.250305
0.000000 613.480408
0.000000 613.710449
0.000000 613.940552
0.000000 614.170593
0.000000 614.400696
0.000000 614.630859
0.000000 614.860962
0.000000 615.091125
0.000060 615.321228
0.000082 615.551392
0.000108 615.781616
0.000000 616.011780
0.000000 616.241943
0.000000 616.472168
0.000436 616.702393
0.000485 616.932617
0.000411 617.162842
0.000680 617.393127
0.000788 617.623413
0.000940 617.853638
0.000873 618.083984
0.000828 618.314270
0.000831 618.544556
0.000699 618.774902
0.001059 619.005249
0.001119 619.235596
0.001179 619.465942
0.001544 619.696289
0.001344 619.926697
0.001601 620.157104
0.001693 620.387512
0.001829 620.617920
0.001910 620.848328
0.001962 621.078796
0.002173 621.309204
0.001946 621.539673
0.002369 621.770142
0.002148 622.000610
0.001934 622.231140
0.002003 622.461670
0.002257 622.692139
0.002163 622.922668
0.002207 623.153259
0.002482 623.383789
0.002516 623.614380
0.002270 623.844910
0.002513 624.075500
0.002542 624.306152
0.002426 624.536743
0.002354 624.767334
0.002396 624.997986
0.002473 625.228638
0.002705 625.459290
0.002827 625.689941
0.002649 625.920654
0.002455 626.151367
0.002601 626.382019
0.002624 626.612732
0.002312 626.843506
0.002449 627.074219
0.002740 627.304993
0.002614 627.535706
0.002793 627.766479
0.002358 627.997315
0.002498 628.228088
0.001985 628.458862
0.002052 628.689697
0.001948 628.920532
0.001989 629.151367
0.001784 629.382202
0.001529 629.613098
0.001301 629.843994
0.001628 630.074829
0.001183 630.305725
0.001256 630.536682
0.001340 630.767578
0.000998 630.998535
0.001151 631.229431
0.000898 631.460388
0.001029 631.691345
0.000897 631.922363
0.001220 632.153320
0.001218 632.384338
0.001301 632.615356
0.001442 632.846375
0.001074 633.077393
0.000958 633.308472
0.001211 633.539490
0.001141 633.770569
0.000820 634.001648
0.000604 634.232727
0.000194 634.463806
0.000010 634.694946
0.000000 634.926086
0.000000 635.157227
0.000000 635.388367
0.000000 635.619507
0.000000 635.850647
0.000000 636.081848
0.000064 636.313049
0.000266 636.544250
0.000544 636.775452
0.000786 637.006714
0.001139 637.237915
0.001029 637.469177
0.001449 637.700440
0.001529 637.931702
0.002083 638.162964
0.002132 638.394287
0.002357 638.625549
0.002458 638.856873
0.002514 639.088196
0.002378 639.319519
0.002539 639.550903
0.002146 639.782227
0.002377 640.013611
0.002471 640.244995
0.002230 640.476379
0.002124 640.707825
0.002334 640.939209
0.002276 641.170654
0.002328 641.402100
0.002640 641.633545
0.002627 641.864990
0.002375 642.096435
0.002233 642.327942
0.002147 642.559448
0.002072 642.790955
0.001820 643.022461
0.001643 643.253967
0.001264 643.485474
0.000832 643.717041
0.000784 643.948608
0.000310 644.180176
0.000410 644.411743
0.000531 644.643372
0.000513 644.874939
0.000703 645.106567
0.000692 645.338196
0.000268 645.569824
0.000114 645.801453
0.000111 646.033142
0.000055 646.264832
0.000026 646.496460
0.000000 646.728149
0.000000 646.959900
0.000000 647.191589
0.000000 647.423340
0.000000 647.655029
0.000000 647.886780
0.000000 648.118530
0.000000 648.350342
0.000000 648.582092
0.000000 648.813904
0.000000 649.045715
0.000000 649.277527
0.000000 649.509338
0.000000 649.741150
0.000000 649.973022
0.000335 650.204895
0.000361 650.436768
0.000512 650.668640
0.000411 650.900513
0.000666 651.132385
0.000774 651.364319
0.001202 651.596252
0.001005 651.828186
0.001323 652.060120
0.000542 652.292053
0.000546 652.524048
0.000357 652.756043
0.000000 652.987976
0.000053 653.219971
0.000105 653.452026
0.000000 653.684021
0.000426 653.916077
0.000376 654.148071
0.000328 654.380127
0.000552 654.612244
0.000589 654.844299
0.000455 655.076355
0.000475 655.308472
0.000340 655.540588
0.000000 655.772705
0.000000 656.004822
0.000000 656.236938
0.000000 656.469116
0.000006 656.701294
0.000000 656.933472
0.000131 657.165649
0.000000 657.397827
0.000159 657.630005
0.000608 657.862244
0.000552 658.094482
0.000902 658.326721
0.001109 658.558960
0.001111 658.791199
0.000857 659.023498
0.000602 659.255737
0.000257 659.488037
0.000062 659.720337
0.000358 659.952698
0.000533 660.184998
0.000399 660.417297
0.000806 660.649658
0.000979 660.882019
0.001174 661.114380
0.001019 661.346741
0.001236 661.579163
0.001567 661.811584
0.001564 662.043945
0.001984 662.276367
0.002388 662.508789
0.003082 662.741272
0.002580 662.973694
0.002198 663.206177
0.002453 663.438660
0.002289 663.671143
0.002253 663.903625
0.002609 664.136108
0.002735 664.368652
0.002776 664.601196
0.002673 664.833679
0.002588 665.066284
0.002445 665.298828
0.002162 665.531372
0.001978 665.763977
0.001846 665.996582
0.001274 666.229187
0.001541 666.461792
0.001320 666.694397
0.001274 666.927002
0.001445 667.159668
0.001364 667.392334
0.001510 667.625000
0.001497 667.857666
0.001415 668.090332
0.001550 668.323059
0.001411 668.555725
0.001275 668.788452
0.001265 669.021179
0.001492 669.253967
0.001492 669.486694
0.001490 669.719421
0.001650 669.952209
0.001776 670.184998
0.001465 670.417786
0.001339 670.650574
0.001581 670.883423
0.001717 671.116211
0.001547 671.349060
0.001639 671.581909
0.001712 671.814758
0.001585 672.047607
0.001757 672.280518
0.001712 672.513428
0.001364 672.746277
0.000975 672.979187
0.000961 673.212097
0.000821 673.445068
0.001123 673.677978
0.001667 673.910950
0.001161 674.143921
0.001377 674.376892
0.001398 674.609863
0.001006 674.842834
0.000645 675.075867
0.000511 675.308838
0.000723 675.541870
0.000602 675.774902
0.000426 676.007935
0.000598 676.241028
0.000425 676.474060
0.000171 676.707153
0.000000 676.940247
0.000000 677.173340
0.000174 677.406433
0.000000 677.639587
0.000000 677.872681
0.000000 678.105835
0.000000 678.338989
0.000000 678.572144
0.000000 678.805298
0.000000 679.038513
0.000000 679.271668
0.000000 679.504883
0.000000 679.738098
0.000000 679.971313
0.000000 680.204529
0.000000 680.437805
0.000000 680.671021
0.000000 680.904297
0.000000 681.137573
0.000000 681.370850
0.000000 681.604126
0.000000 681.837463
0.000000 682.070740
0.000000 682.304077
0.000000 682.537415
0.000000 682.770752
0.000000 683.004150
0.000000 683.237488
0.000000 683.470886
0.000085 683.704224
0.000486 683.937622
0.000535 684.171082
0.000840 684.404480
0.001404 684.637878
0.001489 684.871338
0.001422 685.104797
0.001804 685.338257
0.001642 685.571716
0.001484 685.805176
0.001209 686.038696
0.001390 686.272156
0.001332 686.505676
0.001133 686.739197
0.000841 686.972717
0.001085 687.206299
0.000993 687.439819
0.000707 687.673401
0.000598 687.906982
0.000005 688.140564
0.000663 688.374146
0.000792 688.607727
0.000979 688.841370
0.001082 689.074951
0.001286 689.308594
0.001144 689.542236
0.000935 689.775879
0.000725 690.009582
0.000411 690.243225
0.000240 690.476929
0.000000 690.710632
0.000000 690.944336
0.000000 691.178040
0.000000 691.411743
0.000000 691.645447
0.000000 691.879211
0.000000 692.112976
0.000000 692.346741
0.000000 692.580505
0.000000 692.814270
0.000000 693.048096
0.000000 693.281921
0.000000 693.515686
0.000000 693.749512
0.000000 693.983398
0.000000 694.217224
0.000000 694.451050
0.000002 694.684937
0.000931 694.918823
0.000833 695.152710
0.000822 695.386597
0.000947 695.620483
0.000822 695.854431
0.001165 696.088318
0.000750 696.322266
0.000690 696.556213
0.000777 696.790161
0.000294 697.024109
0.000175 697.258118
0.000246 697.492127
0.000807 697.726074
0.000890 697.960083
0.000709 698.194092
0.000809 698.428162
0.000465 698.662170
0.000046 698.896240
0.000000 699.130310
0.000000 699.364319
0.000000 699.598450
0.000022 699.832519
