0.000000 299.929565
0.000000 300.138336
0.000000 300.347137
0.000000 300.555939
0.000000 300.764770
0.000000 300.973602
0.000000 301.182465
0.000000 301.391357
0.000000 301.600250
0.000000 301.809174
0.000001 302.018127
0.000003 302.227081
0.000003 302.436066
0.000003 302.645050
0.000006 302.854065
0.000007 303.063080
0.000007 303.272125
0.000007 303.481201
0.000006 303.690277
0.000004 303.899383
0.000007 304.108520
0.000011 304.317657
0.000013 304.526794
0.000014 304.735962
0.000015 304.945160
0.000013 305.154388
0.000014 305.363617
0.000018 305.572846
0.000019 305.782105
0.000019 305.991394
0.000021 306.200714
0.000021 306.410034
0.000020 306.619354
0.000022 306.828705
0.000023 307.038086
0.000023 307.247467
0.000024 307.456879
0.000023 307.666321
0.000022 307.875763
0.000021 308.085236
0.000021 308.294708
0.000022 308.504211
0.000024 308.713715
0.000022 308.923248
0.000022 309.132812
0.000022 309.342377
0.000022 309.551971
0.000020 309.761597
0.000019 309.971222
0.000016 310.180847
0.000016 310.390533
0.000017 310.600189
0.000017 310.809906
0.000015 311.019623
0.000014 311.229340
0.000011 311.439087
0.000010 311.648865
0.000005 311.858643
0.000005 312.068451
0.000005 312.278290
0.000004 312.488129
0.000006 312.697998
0.000003 312.907867
0.000003 313.117767
0.000004 313.327667
0.000002 313.537598
0.000003 313.747559
0.000001 313.957519
0.000000 314.167511
0.000003 314.377502
0.000006 314.587524
0.000005 314.797577
0.000004 315.007629
0.000004 315.217712
0.000003 315.427795
0.000001 315.637909
0.000000 315.848023
0.000002 316.058197
0.000004 316.268341
0.000003 316.478516
0.000008 316.688721
0.000008 316.898956
0.000008 317.109192
0.000011 317.319428
0.000011 317.529694
0.000010 317.739990
0.000012 317.950317
0.000011 318.160614
0.000012 318.370972
0.000013 318.581329
0.000015 318.791718
0.000014 319.002106
0.000017 319.212524
0.000017 319.422943
0.000018 319.633392
0.000021 319.843872
0.000022 320.054352
0.000021 320.264862
0.000024 320.475372
0.000026 320.685913
0.000029 320.896484
0.000031 321.107056
0.000030 321.317627
0.000032 321.528259
0.000034 321.738861
0.000035 321.949524
0.000031 322.160187
0.000031 322.370850
0.000033 322.581573
0.000032 322.792267
0.000033 323.003021
0.000033 323.213776
0.000034 323.424530
0.000032 323.635315
0.000031 323.846130
0.000030 324.056946
0.000030 324.267792
0.000028 324.478638
0.000031 324.689514
0.000026 324.900421
0.000027 325.111328
0.000029 325.322266
0.000026 325.533203
0.000026 325.744171
0.000027 325.955139
0.000026 326.166138
0.000026 326.377167
0.000023 326.588196
0.000024 326.799255
0.000025 327.010315
0.000022 327.221405
0.000019 327.432495
0.000017 327.643616
0.000016 327.854767
0.000013 328.065918
0.000012 328.277100
0.000011 328.488312
0.000012 328.699493
0.000010 328.910736
0.000011 329.121979
0.000010 329.333252
0.000009 329.544525
0.000004 329.755829
0.000002 329.967133
0.000001 330.178467
0.000002 330.389832
0.000003 330.601196
0.000004 330.812592
0.000008 331.023987
0.000006 331.235413
0.000008 331.446838
0.000009 331.658295
0.000008 331.869781
0.000009 332.081268
0.000012 332.292786
0.000011 332.504303
0.000009 332.715851
0.000009 332.927399
0.000013 333.138977
0.000013 333.350586
0.000014 333.562195
0.000015 333.773834
0.000015 333.985474
0.000017 334.197144
0.000015 334.408844
0.000015 334.620544
0.000015 334.832245
0.000016 335.043976
0.000016 335.255737
0.000016 335.467499
0.000018 335.679291
0.000018 335.891113
0.000015 336.102936
0.000012 336.314789
0.000015 336.526642
0.000014 336.738495
0.000016 336.950409
0.000017 337.162323
0.000017 337.374237
0.000015 337.586182
0.000019 337.798157
0.000016 338.010132
0.000014 338.222137
0.000013 338.434143
0.000012 338.646179
0.000014 338.858215
0.000011 339.070282
0.000012 339.282379
0.000014 339.494476
0.000011 339.706604
0.000010 339.918732
0.000010 340.130890
0.000000 340.343079
0.000000 340.555267
0.000000 340.767456
0.000005 340.979675
0.000007 341.191925
0.000008 341.404175
0.000010 341.616455
0.000011 341.828766
0.000010 342.041077
0.000015 342.253387
0.000016 342.465729
0.000024 342.678101
0.000027 342.890472
0.000028 343.102875
0.000029 343.315277
0.000031 343.527710
0.000034 343.740173
0.000037 343.952637
0.000040 344.165131
0.000042 344.377625
0.000046 344.590149
0.000050 344.802673
0.000052 345.015228
0.000053 345.227783
0.000058 345.440369
0.000063 345.652985
0.000067 345.865601
0.000066 346.078247
0.000070 346.290894
0.000072 346.503571
0.000070 346.716248
0.000071 346.928955
0.000071 347.141693
0.000072 347.354431
0.000066 347.567200
0.000064 347.779968
0.000065 347.992767
0.000060 348.205566
0.000056 348.418396
0.000053 348.631256
0.000053 348.844116
0.000051 349.056976
0.000052 349.269867
0.000047 349.482788
0.000047 349.695709
0.000041 349.908661
0.000037 350.121643
0.000034 350.334625
0.000033 350.547607
0.000029 350.760620
0.000027 350.973663
0.000022 351.186707
0.000021 351.399780
0.000016 351.612885
0.000010 351.825958
0.000008 352.039093
0.000005 352.252228
0.000003 352.465393
0.000001 352.678558
0.000000 352.891724
0.000000 353.104950
0.000009 353.318176
0.000007 353.531403
0.000007 353.744659
0.000005 353.957916
0.000003 354.171204
0.000005 354.384522
0.000005 354.597839
0.000007 354.811188
0.000008 355.024536
0.000008 355.237915
0.000009 355.451324
0.000009 355.664734
0.000006 355.878143
0.000010 356.091583
0.000009 356.305054
0.000011 356.518524
0.000011 356.732025
0.000012 356.945526
0.000014 357.159058
0.000016 357.372589
0.000015 357.586151
0.000018 357.799744
0.000017 358.013336
0.000019 358.226959
0.000017 358.440582
0.000013 358.654236
0.000013 358.867889
0.000014 359.081573
0.000015 359.295258
0.000013 359.508972
0.000009 359.722717
0.000009 359.936462
0.000007 360.150238
0.000006 360.364014
0.000010 360.577820
0.000012 360.791626
0.000012 361.005463
0.000015 361.219299
0.000014 361.433167
0.000013 361.647064
0.000012 361.860962
0.000013 362.074860
0.000014 362.288818
0.000016 362.502747
0.000014 362.716736
0.000000 362.930725
0.000092 363.144714
0.000389 363.358734
0.000752 363.572754
0.001090 363.786804
0.000421 364.000885
0.000456 364.214966
0.000000 364.429077
0.000000 364.643189
0.000000 364.857330
0.000000 365.071472
0.000000 365.285644
0.000000 365.499847
0.000000 365.714050
0.000000 365.928253
0.000000 366.142487
0.000000 366.356750
0.000000 366.571014
0.000000 366.785309
0.000000 366.999603
0.000000 367.213928
0.000000 367.428284
0.000000 367.642639
0.000000 367.856995
0.000000 368.071381
0.000247 368.285797
0.000992 368.500214
0.000854 368.714661
0.001214 368.929108
0.001183 369.143585
0.001864 369.358063
0.002684 369.572571
0.002888 369.787109
0.002746 370.001648
0.003389 370.216186
0.004037 370.430756
0.004924 370.645355
0.005030 370.859955
0.005409 371.074585
0.006110 371.289215
0.006125 371.503876
0.006867 371.718536
0.006644 371.933227
0.006185 372.147949
0.005564 372.362671
0.006034 372.577393
0.006041 372.792145
0.005936 373.006928
0.006538 373.221710
0.005953 373.436523
0.006161 373.651337
0.006385 373.866180
0.005874 374.081024
0.005966 374.295898
0.006091 374.510803
0.006435 374.725708
0.006349 374.940613
0.005950 375.155548
0.005556 375.370514
0.004712 375.585480
0.004681 375.800476
0.004022 376.015472
0.003784 376.230499
0.002918 376.445526
0.001716 376.660583
0.000664 376.875671
0.000688 377.090759
0.000000 377.305847
0.000000 377.520966
0.000149 377.736114
0.000000 377.951263
0.000000 378.166443
0.000000 378.381622
0.000000 378.596832
0.000000 378.812042
0.000000 379.027283
0.000000 379.242523
0.000000 379.457794
0.000000 379.673096
0.000000 379.888397
0.000000 380.103699
0.000000 380.319031
0.000000 380.534393
0.000000 380.749756
0.000000 380.965149
0.000000 381.180542
0.000000 381.395966
0.000000 381.611389
0.000000 381.826843
0.000077 382.042328
0.000801 382.257812
0.000864 382.473297
0.000824 382.688812
0.001329 382.904358
0.002077 383.119904
0.002574 383.335480
0.002527 383.551056
0.002155 383.766632
0.002290 383.982269
0.002368 384.197906
0.001865 384.413544
0.001765 384.629211
0.001398 384.844879
0.001421 385.060577
0.001794 385.276306
0.002374 385.492035
0.002636 385.707764
0.002673 385.923523
0.003215 386.139313
0.002860 386.355102
0.003617 386.570923
0.003669 386.786743
0.003103 387.002594
0.003575 387.218445
0.003424 387.434326
0.003188 387.650208
0.002308 387.866119
0.001813 388.082062
0.001700 388.298004
0.001296 388.513946
0.001708 388.729919
0.001357 388.945923
0.001222 389.161926
0.000797 389.377960
0.000658 389.593994
0.000750 389.810059
0.000773 390.026123
0.000515 390.242218
0.001239 390.458313
0.000853 390.674439
0.000705 390.890564
0.000378 391.106720
0.000766 391.322906
0.000565 391.539093
0.000668 391.755279
0.000645 391.971497
0.000360 392.187744
0.000379 392.403992
0.000000 392.620270
0.000000 392.836548
0.000000 393.052856
0.000000 393.269165
0.000000 393.485504
0.000105 393.701843
0.000000 393.918213
0.000367 394.134583
0.000878 394.350983
0.001044 394.567413
0.000866 394.783814
0.000435 395.000275
0.000361 395.216736
0.000351 395.433227
0.000476 395.649719
0.000427 395.866211
0.000621 396.082733
0.000850 396.299286
0.000733 396.515839
0.000497 396.732422
0.000627 396.949005
0.000816 397.165619
0.000819 397.382233
0.000972 397.598877
0.001239 397.815552
0.000997 398.032196
0.001102 398.248901
0.001066 398.465607
0.001359 398.682312
0.000829 398.899048
0.001307 399.115814
0.001238 399.332581
0.001187 399.549377
0.001232 399.766174
0.001110 399.982971
0.001235 400.199799
0.001007 400.416656
0.000926 400.633514
0.000729 400.850403
0.001130 401.067291
0.000969 401.284210
0.000863 401.501160
0.000955 401.718079
0.000475 401.935059
0.000291 402.152039
0.000687 402.369019
0.000718 402.586029
0.000807 402.803070
0.000800 403.020111
0.000925 403.237152
0.000735 403.454224
0.000830 403.671326
0.000935 403.888428
0.000963 404.105530
0.001205 404.322693
0.001191 404.539825
0.001258 404.756988
0.001050 404.974182
0.000957 405.191376
0.001227 405.408600
0.001188 405.625824
0.001197 405.843079
0.001448 406.060364
0.001264 406.277618
0.001634 406.494934
0.001708 406.712250
0.000299 406.929565
0.000906 407.146912
0.000913 407.364288
0.001082 407.581665
0.001210 407.799042
0.001648 408.016449
0.002079 408.233887
0.002264 408.451324
0.002678 408.668762
0.002937 408.886231
0.003229 409.103729
0.003393 409.321228
0.003543 409.538757
0.003539 409.756287
0.003940 409.973846
0.003972 410.191406
0.004030 410.408997
0.004269 410.626587
0.004001 410.844208
0.003992 411.061829
0.003681 411.279480
0.003826 411.497131
0.004091 411.714813
0.004323 411.932495
0.004504 412.150208
0.004466 412.367950
0.004755 412.585693
0.004807 412.803436
0.004638 413.021210
0.004586 413.239014
0.004369 413.456818
0.004395 413.674622
0.004191 413.892456
0.004375 414.110321
0.003966 414.328186
0.003865 414.546051
0.003787 414.763977
0.003690 414.981873
0.003653 415.199799
0.003836 415.417755
0.003524 415.635712
0.003317 415.853699
0.003173 416.071686
0.003153 416.289703
0.002557 416.507721
0.002843 416.725769
0.002736 416.943817
0.002415 417.161896
0.001938 417.379974
0.001602 417.598083
0.001241 417.816193
0.001030 418.034332
0.000959 418.252472
0.001105 418.470642
0.000981 418.688843
0.000786 418.907013
0.000653 419.125244
0.000564 419.343475
0.000799 419.561707
0.000385 419.779968
0.000188 419.998261
0.001776 420.216553
0.001613 420.434845
0.001800 420.653168
0.001590 420.871521
0.001535 421.089874
0.001525 421.308227
0.001622 421.526611
0.001716 421.745026
0.001776 421.963440
0.001752 422.181854
0.001818 422.400299
0.001755 422.618774
0.001954 422.837250
0.001957 423.055756
0.002092 423.274262
0.002154 423.492767
0.001841 423.711334
0.001564 423.929871
0.001776 424.148438
0.001843 424.367035
0.001990 424.585632
0.002110 424.804260
0.002218 425.022888
0.002161 425.241547
0.002489 425.460205
0.002438 425.678894
0.002296 425.897583
0.002173 426.116303
0.002167 426.335022
0.001949 426.553772
0.002095 426.772522
0.002076 426.991303
0.002088 427.210083
0.001670 427.428894
0.001465 427.647705
0.001476 427.866547
0.001365 428.085388
0.001033 428.304260
0.001051 428.523163
0.000448 428.742035
0.000530 428.960968
0.000563 429.179901
0.000653 429.398834
0.000539 429.617798
0.000793 429.836762
0.000507 430.055756
0.000341 430.274780
0.000024 430.493774
0.000000 430.712830
0.000000 430.931885
0.000043 431.150940
0.000148 431.370026
0.000407 431.589111
0.000582 431.808227
0.000646 432.027374
0.000696 432.246521
0.000792 432.465668
0.000738 432.684845
0.000574 432.904053
0.000724 433.123230
0.000387 433.342468
0.000295 433.561707
0.000353 433.780945
0.000253 434.000214
0.000555 434.219513
0.000507 434.438812
0.000531 434.658112
0.000564 434.877441
0.000649 435.096802
0.000797 435.316162
0.000854 435.535523
0.001118 435.754913
0.001051 435.974335
0.001275 436.193756
0.001332 436.413178
0.001352 436.632629
0.001304 436.852081
0.001751 437.071564
0.001722 437.291077
0.001814 437.510590
0.001849 437.730102
0.002236 437.949646
0.002278 438.169220
0.002382 438.388794
0.002656 438.608368
0.002752 438.827972
0.003001 439.047607
0.002861 439.267242
0.002893 439.486877
0.002646 439.706543
0.002415 439.926239
0.002337 440.145935
0.002205 440.365631
0.001986 440.585358
0.002063 440.805115
0.001780 441.024872
0.001543 441.244629
0.001309 441.464417
0.001206 441.684235
0.001138 441.904053
0.001352 442.123871
0.001542 442.343720
0.001676 442.563599
0.001502 442.783478
0.001522 443.003357
0.001346 443.223267
0.001266 443.443176
0.001105 443.663117
0.001392 443.883087
0.001717 444.103058
0.001672 444.323029
0.001618 444.543030
0.001766 444.763061
0.001682 444.983063
0.000427 445.203125
0.000466 445.423187
0.000623 445.643250
0.000331 445.863342
0.000110 446.083466
0.000000 446.303558
0.000000 446.523712
0.000000 446.743866
0.000000 446.964020
0.000000 447.184204
0.000000 447.404388
0.000000 447.624603
0.000000 447.844849
0.000000 448.065064
0.000000 448.285339
0.000000 448.505615
0.000000 448.725891
0.000000 448.946197
0.000000 449.166504
0.000000 449.386841
0.000000 449.607178
0.003160 449.827545
0.008985 450.047913
0.015673 450.268310
0.022801 450.488708
0.030534 450.709137
0.038460 450.929565
0.046697 451.150024
0.055234 451.370483
0.063999 451.590973
0.072826 451.811462
0.081676 452.031982
0.090627 452.252502
0.099565 452.473053
0.108597 452.693603
0.117326 452.914185
0.126244 453.134766
0.134750 453.355347
0.142985 453.575989
0.150676 453.796600
0.158254 454.017242
0.165269 454.237915
0.172437 454.458588
0.178844 454.679291
0.184717 454.899994
0.190125 455.120697
0.195313 455.341431
0.199507 455.562195
0.203106 455.782959
0.205729 456.003723
0.208140 456.224518
0.209819 456.445343
0.210492 456.666168
0.210683 456.886993
0.210247 457.107849
0.209213 457.328735
0.207347 457.549622
0.204576 457.770508
0.201125 457.991425
0.197183 458.212341
0.192743 458.433289
0.188920 458.654266
0.183409 458.875214
0.177468 459.096222
0.171339 459.317230
0.164620 459.538238
0.157873 459.759277
0.151716 459.980316
0.146099 460.201386
0.141320 460.422455
0.137408 460.643555
0.134391 460.864654
0.132001 461.085785
0.130614 461.306915
0.130001 461.528046
0.130131 461.749237
0.130809 461.970398
0.131976 462.191589
0.133536 462.412811
0.135366 462.634033
0.137126 462.855286
0.138976 463.076538
0.140998 463.297791
0.142808 463.519073
0.144525 463.740387
0.146238 463.961700
0.148131 464.183014
0.149893 464.404358
0.151657 464.625732
0.153124 464.847076
0.154430 465.068481
0.155635 465.289887
0.156659 465.511292
0.157229 465.732727
0.157568 465.954163
0.157722 466.175629
0.157720 466.397095
0.157277 466.618591
0.156508 466.840088
0.155430 467.061615
0.154280 467.283142
0.152928 467.504700
0.151140 467.726257
0.149112 467.947846
0.146954 468.169434
0.144504 468.391052
0.141902 468.612671
0.139040 468.834290
0.136042 469.055939
0.132945 469.277618
0.130134 469.499298
0.126967 469.720978
0.123827 469.942688
0.121308 470.164429
0.118772 470.386169
0.116514 470.607910
0.114675 470.829681
0.113098 471.051453
0.112440 471.273254
0.112755 471.495056
0.113699 471.716888
0.115380 471.938721
0.117696 472.160583
0.121078 472.382446
0.125279 472.604340
0.130714 472.826233
0.137046 473.048157
0.144522 473.270081
0.153007 473.492035
0.162546 473.713989
0.172901 473.935944
0.183803 474.157929
0.195472 474.379944
0.207887 474.601959
0.220792 474.823975
0.234159 475.046020
0.248059 475.268066
0.262270 475.490143
0.276751 475.712250
0.291400 475.934357
0.306288 476.156464
0.320768 476.378601
0.335185 476.600738
0.349139 476.822906
0.363075 477.045074
0.376725 477.267242
0.390195 477.489471
0.403303 477.711670
0.415371 477.933899
0.427028 478.156158
0.438239 478.378418
0.449472 478.600678
0.460837 478.822968
0.472562 479.045288
0.484876 479.267609
0.497748 479.489929
0.511208 479.712280
0.525972 479.934631
0.542180 480.157013
0.560006 480.379425
0.578271 480.601807
0.596843 480.824249
0.615829 481.046661
0.635559 481.269104
0.655363 481.491577
0.675120 481.714050
0.694191 481.936554
0.712216 482.159058
0.728981 482.381561
0.745073 482.604096
0.760108 482.826660
0.774780 483.049225
0.789715 483.271790
0.804747 483.494385
0.819763 483.716980
0.835080 483.939606
0.850692 484.162231
0.866046 484.384888
0.881571 484.607544
0.896675 484.830231
0.911093 485.052917
0.924711 485.275635
0.937619 485.498352
0.949723 485.721069
0.960830 485.943848
0.970675 486.166596
0.979149 486.389374
0.986388 486.612152
0.992046 486.834961
0.996330 487.057800
0.998955 487.280609
1.000000 487.503479
0.999519 487.726349
0.997547 487.949219
0.993461 488.172089
0.987173 488.395019
0.978684 488.617920
0.967832 488.840851
0.954658 489.063812
0.938586 489.286774
0.920150 489.509735
0.899342 489.732727
0.876084 489.955750
0.851050 490.178772
0.824314 490.401794
0.796168 490.624847
0.766399 490.847900
0.735430 491.070984
0.703333 491.294067
0.671472 491.517181
0.639738 491.740295
0.608510 491.963440
0.577584 492.186584
0.547443 492.409729
0.517872 492.632904
0.489098 492.856110
0.461131 493.079285
0.434062 493.302521
0.407319 493.525757
0.380443 493.748993
0.353259 493.972260
0.326500 494.195526
0.300260 494.418823
0.274470 494.642120
0.248566 494.865417
0.222918 495.088776
0.197643 495.312103
0.173516 495.535461
0.151022 495.758850
0.130360 495.982208
0.111755 496.205627
0.095335 496.429047
0.080607 496.652466
0.067227 496.875916
0.055013 497.099365
0.044144 497.322846
0.034554 497.546326
0.025544 497.769806
0.017608 497.993317
0.010196 498.216858
0.003730 498.440399
0.000000 498.663940
0.000000 498.887512
0.000000 499.111114
0.000000 499.334686
0.000000 499.558319
0.000000 499.781921
0.000000 500.005585
0.000000 500.229218
0.000000 500.452881
0.000000 500.676575
0.000000 500.900269
0.000000 501.123993
0.000000 501.347687
0.000000 501.571442
0.000000 501.795196
0.000000 502.018951
0.000000 502.242737
0.000000 502.466522
0.000000 502.690338
0.000301 502.914154
0.000680 503.137970
0.001124 503.361816
0.001641 503.585693
0.001856 503.809570
0.002171 504.033447
0.002215 504.257355
0.002379 504.481293
0.002406 504.705200
0.002389 504.929169
0.002473 505.153107
0.002428 505.377075
0.002326 505.601074
0.002416 505.825073
0.002311 506.049103
0.002324 506.273132
0.002278 506.497162
0.002291 506.721222
0.002256 506.945282
0.002076 507.169373
0.001914 507.393463
0.001871 507.617584
0.001785 507.841705
0.001921 508.065857
0.001559 508.290008
0.001583 508.514160
0.001445 508.738342
0.001452 508.962524
0.001081 509.186737
0.001099 509.410980
0.001065 509.635193
0.001023 509.859467
0.000889 510.083710
0.000896 510.307983
0.000751 510.532288
0.000610 510.756592
0.000560 510.980896
0.000497 511.205231
0.000473 511.429596
0.000403 511.653961
0.000402 511.878326
0.000506 512.102722
0.000331 512.327087
0.000330 512.551514
0.000309 512.775940
0.000367 513.000366
0.000314 513.224853
0.000110 513.449341
0.000000 513.673828
0.000000 513.898315
0.000016 514.122803
0.000000 514.347351
0.000000 514.571899
0.000000 514.796448
0.000000 515.020996
0.000000 515.245544
0.000000 515.470154
0.000000 515.694763
0.000000 515.919373
0.000014 516.144043
0.000046 516.368652
0.000133 516.593323
0.000209 516.817993
0.000171 517.042664
0.000028 517.267395
0.000204 517.492127
0.000247 517.716858
0.000297 517.941589
0.000285 518.166321
0.000296 518.391113
0.000387 518.615906
0.000259 518.840698
0.000385 519.065491
0.000411 519.290344
0.000259 519.515137
0.000125 519.739990
0.000045 519.964905
0.000017 520.189758
0.000000 520.414673
0.000000 520.639526
0.000000 520.864502
0.000036 521.089416
0.000089 521.314331
0.000000 521.539307
0.000000 521.764282
0.000174 521.989258
0.000000 522.214294
0.000000 522.439270
0.000000 522.664307
0.000254 522.889343
0.000187 523.114380
0.000203 523.339478
0.000260 523.564575
0.000176 523.789673
0.000110 524.014771
0.000161 524.239868
0.000447 524.465027
0.000420 524.690185
0.000303 524.915344
0.000486 525.140503
0.000548 525.365723
0.000679 525.590881
0.000748 525.816101
0.000618 526.041321
0.000688 526.266602
0.000747 526.491821
0.000758 526.717102
0.000640 526.942383
0.000785 527.167725
0.000866 527.393005
0.000957 527.618347
0.000801 527.843689
0.000886 528.069031
0.000753 528.294373
0.000848 528.519775
0.000938 528.745178
0.001004 528.970581
0.000976 529.195984
0.001162 529.421387
0.001193 529.646851
0.001094 529.872315
0.001124 530.097778
0.001025 530.323242
0.001050 530.548767
0.001038 530.774292
0.001149 530.999817
0.001102 531.225342
0.000978 531.450867
0.000929 531.676453
0.000865 531.902039
0.000724 532.127625
0.000727 532.353210
0.000784 532.578857
0.000679 532.804504
0.000513 533.030151
0.000529 533.255798
0.000684 533.481445
0.000584 533.707153
0.000643 533.932861
0.000809 534.158569
0.000724 534.384277
0.000607 534.609985
0.000579 534.835754
0.000627 535.061523
0.000759 535.287293
0.000725 535.513062
0.000570 535.738892
0.000655 535.964722
0.000635 536.190552
0.000495 536.416382
0.000481 536.642273
0.000570 536.868103
0.000565 537.093994
0.000564 537.319885
0.000627 537.545776
0.000602 537.771728
0.000563 537.997681
0.000435 538.223633
0.000651 538.449585
0.000821 538.675537
0.000801 538.901550
0.000790 539.127563
0.000712 539.353577
0.000642 539.579590
0.000870 539.805603
0.000812 540.031677
0.000775 540.257752
0.000736 540.483826
0.000890 540.709900
0.000739 540.936035
0.000665 541.162170
0.000655 541.388306
0.000678 541.614441
0.000712 541.840576
0.000730 542.066772
0.000520 542.292969
0.000635 542.519165
0.000577 542.745361
0.000601 542.971619
0.000530 543.197815
0.000684 543.424072
0.000450 543.650330
0.000533 543.876648
0.000683 544.102905
0.000726 544.329224
0.000804 544.555542
0.001020 544.781860
0.001099 545.008240
0.001220 545.234558
0.001319 545.460938
0.001219 545.687317
0.001352 545.913696
0.001322 546.140137
0.001413 546.366577
0.001497 546.593018
0.001572 546.819458
0.001707 547.045898
0.001682 547.272400
0.001777 547.498840
0.001759 547.725342
0.001803 547.951843
0.001910 548.178406
0.002059 548.404907
0.002114 548.631470
0.002154 548.858032
0.002105 549.084656
0.002024 549.311218
0.001884 549.537842
0.001973 549.764465
0.001980 549.991089
0.002123 550.217712
0.002119 550.444397
0.001522 550.671021
0.001692 550.897705
0.001757 551.124390
0.001868 551.351135
0.001999 551.577820
0.002054 551.804565
0.002022 552.031311
0.001892 552.258057
0.001941 552.484863
0.001991 552.711670
0.001911 552.938416
0.001850 553.165222
0.001880 553.392090
0.001721 553.618897
0.001676 553.845764
0.001677 554.072632
0.001539 554.299500
0.001337 554.526367
0.001264 554.753296
0.001306 554.980225
0.001310 555.207153
0.001294 555.434082
0.001136 555.661011
0.001122 555.888000
0.001169 556.114990
0.001092 556.341980
0.000999 556.568970
0.001099 556.795959
0.001071 557.023010
0.000947 557.250061
0.001187 557.477112
0.001005 557.704163
0.000948 557.931274
0.000984 558.158325
0.000934 558.385437
0.000787 558.612549
0.000739 558.839722
0.000745 559.066834
0.000656 559.294006
0.000757 559.521179
0.000848 559.748352
0.000946 559.975525
0.000897 560.202759
0.000801 560.429993
0.000879 560.657227
0.000866 560.884460
0.000916 561.111755
0.000890 561.338989
0.000850 561.566284
0.000838 561.793579
0.000736 562.020874
0.000575 562.248230
0.000596 562.475525
0.000496 562.702881
0.000454 562.930237
0.000307 563.157654
0.000255 563.385010
0.000101 563.612427
0.000054 563.839844
0.000000 564.067261
0.000000 564.294678
0.000417 564.522156
0.000478 564.749634
0.000359 564.977112
0.000475 565.204590
0.000430 565.432068
0.000468 565.659607
0.000571 565.887085
0.000672 566.114624
0.000646 566.342224
0.000671 566.569763
0.000622 566.797363
0.000691 567.024902
0.000646 567.252502
0.000665 567.480164
0.000641 567.707764
0.000664 567.935425
0.000777 568.163086
0.000905 568.390747
0.000976 568.618408
0.000904 568.846069
0.000957 569.073791
0.001028 569.301514
0.000985 569.529236
0.001079 569.756958
0.001164 569.984741
0.001181 570.212524
0.001291 570.440308
0.001224 570.668091
0.001227 570.895874
0.001224 571.123718
0.001162 571.351502
0.001432 571.579346
0.001486 571.807190
0.001429 572.035095
0.001597 572.262940
0.001641 572.490845
0.001702 572.718750
0.001540 572.946655
0.001491 573.174622
0.001524 573.402527
0.001451 573.630493
0.001343 573.858459
0.001293 574.086426
0.001331 574.314453
0.001195 574.542419
0.001175 574.770447
0.001060 574.998474
0.001136 575.226502
0.001072 575.454590
0.000878 575.682617
0.000951 575.910706
0.001056 576.138794
0.001010 576.366882
0.000808 576.595032
0.000799 576.823120
0.000768 577.051269
0.000864 577.279419
0.000875 577.507629
0.000849 577.735779
0.000856 577.963989
0.001001 578.192200
0.000984 578.420410
0.000923 578.648621
0.001017 578.876831
0.000905 579.105103
0.000910 579.333374
0.000873 579.561646
0.000888 579.789917
0.000860 580.018250
0.000762 580.246521
0.000696 580.474853
0.000672 580.703186
0.000822 580.931580
0.000797 581.159912
0.000759 581.388306
0.000841 581.616699
0.000859 581.845093
0.000917 582.073486
0.000982 582.301941
0.001033 582.530334
0.001190 582.758789
0.001081 582.987244
0.001004 583.215759
0.001167 583.444214
0.001219 583.672729
0.001185 583.901245
0.001086 584.129761
0.001138 584.358276
0.001263 584.586853
0.001289 584.815430
0.001291 585.043945
0.001269 585.272583
0.001194 585.501160
0.001079 585.729736
0.001021 585.958374
0.000947 586.187012
0.000913 586.415649
0.000798 586.644348
0.000926 586.872986
0.000909 587.101685
0.000931 587.330383
0.000903 587.559082
0.000930 587.787781
0.000878 588.016541
0.000781 588.245239
0.000933 588.473999
0.000902 588.702759
0.000886 588.931580
0.000832 589.160339
0.000815 589.389160
0.000856 589.617981
0.000787 589.846802
0.000673 590.075623
0.000597 590.304504
0.000646 590.533386
0.000578 590.762268
0.000597 590.991150
0.000528 591.220032
0.000479 591.448914
0.000429 591.677856
0.000424 591.906799
0.000376 592.135742
0.000365 592.364685
0.000361 592.593689
0.000320 592.822693
0.000230 593.051697
0.000250 593.280701
0.000285 593.509705
0.000244 593.738769
0.000258 593.967773
0.000289 594.196838
0.000153 594.425903
0.000185 594.654968
0.000100 594.884094
0.000030 595.113220
0.000063 595.342346
0.000102 595.571472
0.000042 595.800598
0.000080 596.029724
0.000000 596.258911
0.000000 596.488098
0.000000 596.717285
0.000030 596.946472
0.000033 597.175720
0.000020 597.404907
0.000000 597.634155
0.000000 597.863403
0.000069 598.092651
0.000047 598.321960
0.000033 598.551269
0.000037 598.780518
0.000000 599.009827
0.000076 599.239197
0.000032 599.468506
0.000141 599.697876
0.000224 599.927185
0.000245 600.156555
0.000288 600.385986
0.000371 600.615356
0.000300 600.844788
0.000103 601.074158
0.000147 601.303589
0.000195 601.533081
0.000194 601.762512
0.000355 601.992004
0.000398 602.221435
0.000373 602.450928
0.000262 602.680481
0.000366 602.909973
0.000349 603.139465
0.000444 603.369019
0.000438 603.598572
0.000462 603.828125
0.000568 604.057739
0.000657 604.287293
0.000783 604.516907
0.000867 604.746521
0.000759 604.976135
0.000764 605.205750
0.000791 605.435425
0.000778 605.665039
0.000903 605.894714
0.000864 606.124390
0.000796 606.354126
0.000710 606.583801
0.000740 606.813538
0.000833 607.043213
0.000795 607.273010
0.000754 607.502747
0.000602 607.732483
0.000589 607.962280
0.000630 608.192078
0.000616 608.421875
0.000548 608.651672
0.000508 608.881470
0.000578 609.111328
0.000555 609.341187
0.000484 609.571045
0.000525 609.800903
0.000441 610.030762
0.000524 610.260681
0.000515 610.490540
0.000473 610.720459
0.000391 610.950440
0.000395 611.180359
0.000347 611.410278
0.000313 611.640259
0.000336 611.870239
0.000339 612.100220
0.000240 612.330200
0.000171 612.560242
0.000169 612.790222
0.000082 613.020264
0.000000 613.250305
0.000000 613.480408
0.000000 613.710449
0.000046 613.940552
0.000000 614.170593
0.000000 614.400696
0.000000 614.630859
0.000000 614.860962
0.000080 615.091125
0.000096 615.321228
0.000115 615.551392
0.000122 615.781616
0.000000 616.011780
0.000089 616.241943
0.000079 616.472168
0.000253 616.702393
0.000290 616.932617
0.000285 617.162842
0.000344 617.393127
0.000398 617.623413
0.000470 617.853638
0.000434 618.083984
0.000405 618.314270
0.000391 618.544556
0.000362 618.774902
0.000483 619.005249
0.000509 619.235596
0.000515 619.465942
0.000615 619.696289
0.000535 619.926697
0.000598 620.157104
0.000635 620.387512
0.000662 620.617920
0.000641 620.848328
0.000629 621.078796
0.000693 621.309204
0.000628 621.539673
0.000752 621.770142
0.000663 622.000610
0.000615 622.231140
0.000632 622.461670
0.000686 622.692139
0.000672 622.922668
0.000682 623.153259
0.000747 623.383789
0.000747 623.614380
0.000654 623.844910
0.000717 624.075500
0.000747 624.306152
0.000724 624.536743
0.000678 624.767334
0.000690 624.997986
0.000714 625.228638
0.000789 625.459290
0.000786 625.689941
0.000730 625.920654
0.000660 626.151367
0.000695 626.382019
0.000717 626.612732
0.000626 626.843506
0.000658 627.074219
0.000754 627.304993
0.000721 627.535706
0.000775 627.766479
0.000660 627.997315
0.000700 628.228088
0.000531 628.458862
0.000545 628.689697
0.000515 628.920532
0.000544 629.151367
0.000497 629.382202
0.000453 629.613098
0.000415 629.843994
0.000522 630.074829
0.000406 630.305725
0.000424 630.536682
0.000456 630.767578
0.000360 630.998535
0.000373 631.229431
0.000311 631.460388
0.000335 631.691345
0.000288 631.922363
0.000368 632.153320
0.000372 632.384338
0.000402 632.615356
0.000415 632.846375
0.000312 633.077393
0.000236 633.308472
0.000309 633.539490
0.000274 633.770569
0.000170 634.001648
0.000102 634.232727
0.000000 634.463806
0.000000 634.694946
0.000000 634.926086
0.000000 635.157227
0.000000 635.388367
0.000000 635.619507
0.000000 635.850647
0.000000 636.081848
0.000000 636.313049
0.000054 636.544250
0.000154 636.775452
0.000235 637.006714
0.000337 637.237915
0.000321 637.469177
0.000435 637.700440
0.000464 637.931702
0.000622 638.162964
0.000642 638.394287
0.000716 638.625549
0.000765 638.856873
0.000772 639.088196
0.000709 639.319519
0.000741 639.550903
0.000652 639.782227
0.000750 640.013611
0.000782 640.244995
0.000721 640.476379
0.000675 640.707825
0.000730 640.939209
0.000710 641.170654
0.000746 641.402100
0.000846 641.633545
0.000838 641.864990
0.000746 642.096435
0.000693 642.327942
0.000682 642.559448
0.000666 642.790955
0.000602 643.022461
0.000542 643.253967
0.000428 643.485474
0.000295 643.717041
0.000239 643.948608
0.000094 644.180176
0.000117 644.411743
0.000135 644.643372
0.000115 644.874939
0.000167 645.106567
0.000171 645.338196
0.000023 645.569824
0.000000 645.801453
0.000000 646.033142
0.000000 646.264832
0.000000 646.496460
0.000000 646.728149
0.000000 646.959900
0.000000 647.191589
0.000000 647.423340
0.000000 647.655029
0.000000 647.886780
0.000000 648.118530
0.000000 648.350342
0.000000 648.582092
0.000000 648.813904
0.000000 649.045715
0.000000 649.277527
0.000000 649.509338
0.000000 649.741150
0.000000 649.973022
0.000038 650.204895
0.000042 650.436768
0.000100 650.668640
0.000081 650.900513
0.000128 651.132385
0.000177 651.364319
0.000315 651.596252
0.000272 651.828186
0.000374 652.060120
0.000135 652.292053
0.000139 652.524048
0.000080 652.756043
0.000000 652.987976
0.000009 653.219971
0.000046 653.452026
0.000003 653.684021
0.000130 653.916077
0.000093 654.148071
0.000063 654.380127
0.000115 654.612244
0.000134 654.844299
0.000096 655.076355
0.000119 655.308472
0.000047 655.540588
0.000000 655.772705
0.000000 656.004822
0.000000 656.236938
0.000000 656.469116
0.000000 656.701294
0.000000 656.933472
0.000000 657.165649
0.000000 657.397827
0.000000 657.630005
0.000072 657.862244
0.000088 658.094482
0.000201 658.326721
0.000237 658.558960
0.000253 658.791199
0.000192 659.023498
0.000108 659.255737
0.000005 659.488037
0.000000 659.720337
0.000074 659.952698
0.000119 660.184998
0.000073 660.417297
0.000211 660.649658
0.000235 660.882019
0.000243 661.114380
0.000205 661.346741
0.000278 661.579163
0.000358 661.811584
0.000390 662.043945
0.000488 662.276367
0.000620 662.508789
0.000795 662.741272
0.000646 662.973694
0.000512 663.206177
0.000598 663.438660
0.000554 663.671143
0.000595 663.903625
0.000702 664.136108
0.000728 664.368652
0.000753 664.601196
0.000702 664.833679
0.000664 665.066284
0.000652 665.298828
0.000573 665.531372
0.000498 665.763977
0.000440 665.996582
0.000274 666.229187
0.000357 666.461792
0.000297 666.694397
0.000272 666.927002
0.000298 667.159668
0.000259 667.392334
0.000293 667.625000
0.000305 667.857666
0.000311 668.090332
0.000328 668.323059
0.000294 668.555725
0.000264 668.788452
0.000268 669.021179
0.000343 669.253967
0.000347 669.486694
0.000349 669.719421
0.000398 669.952209
0.000416 670.184998
0.000341 670.417786
0.000285 670.650574
0.000374 670.883423
0.000417 671.116211
0.000371 671.349060
0.000440 671.581909
0.000469 671.814758
0.000432 672.047607
0.000490 672.280518
0.000466 672.513428
0.000390 672.746277
0.000283 672.979187
0.000292 673.212097
0.000255 673.445068
0.000317 673.677978
0.000479 673.910950
0.000321 674.143921
0.000377 674.376892
0.000372 674.609863
0.000250 674.842834
0.000151 675.075867
0.000114 675.308838
0.000179 675.541870
0.000158 675.774902
0.000106 676.007935
0.000132 676.241028
0.000107 676.474060
0.000059 676.707153
0.000000 676.940247
0.000000 677.173340
0.000039 677.406433
0.000000 677.639587
0.000000 677.872681
0.000000 678.105835
0.000000 678.338989
0.000000 678.572144
0.000000 678.805298
0.000000 679.038513
0.000000 679.271668
0.000000 679.504883
0.000000 679.738098
0.000000 679.971313
0.000000 680.204529
0.000000 680.437805
0.000000 680.671021
0.000000 680.904297
0.000000 681.137573
0.000000 681.370850
0.000000 681.604126
0.000000 681.837463
0.000000 682.070740
0.000000 682.304077
0.000000 682.537415
0.000000 682.770752
0.000000 683.004150
0.000000 683.237488
0.000000 683.470886
0.000000 683.704224
0.000000 683.937622
0.000000 684.171082
0.000019 684.404480
0.000143 684.637878
0.000210 684.871338
0.000200 685.104797
0.000329 685.338257
0.000292 685.571716
0.000255 685.805176
0.000151 686.038696
0.000210 686.272156
0.000177 686.505676
0.000116 686.739197
0.000043 686.972717
0.000100 687.206299
0.000070 687.439819
0.000000 687.673401
0.000000 687.906982
0.000000 688.140564
0.000000 688.374146
0.000040 688.607727
0.000114 688.841370
0.000155 689.074951
0.000254 689.308594
0.000222 689.542236
0.000157 689.775879
0.000093 690.009582
0.000002 690.243225
0.000000 690.476929
0.000000 690.710632
0.000000 690.944336
0.000000 691.178040
0.000000 691.411743
0.000000 691.645447
0.000000 691.879211
0.000000 692.112976
0.000000 692.346741
0.000000 692.580505
0.000000 692.814270
0.000000 693.048096
0.000000 693.281921
0.000000 693.515686
0.000000 693.749512
0.000000 693.983398
0.000000 694.217224
0.000000 694.451050
0.000000 694.684937
0.000272 694.918823
0.000262 695.152710
0.000300 695.386597
0.000330 695.620483
0.000315 695.854431
0.000402 696.088318
0.000261 696.322266
0.000237 696.556213
0.000287 696.790161
0.000147 697.024109
0.000098 697.258118
0.000115 697.492127
0.000256 697.726074
0.000285 697.960083
0.000236 698.194092
0.000251 698.428162
0.000159 698.662170
0.000059 698.896240
0.000026 699.130310
0.000008 699.364319
0.000000 699.598450
0.000039 699.832519
