0.000000 299.929565
0.000000 300.138336
0.000000 300.347137
0.000000 300.555939
0.000000 300.764770
0.000000 300.973602
0.000000 301.182465
0.000000 301.391357
0.000000 301.600250
0.000000 301.809174
0.000000 302.018127
0.000002 302.227081
0.000004 302.436066
0.000003 302.645050
0.000007 302.854065
0.000009 303.063080
0.000008 303.272125
0.000008 303.481201
0.000007 303.690277
0.000004 303.899383
0.000009 304.108520
0.000014 304.317657
0.000018 304.526794
0.000020 304.735962
0.000020 304.945160
0.000017 305.154388
0.000019 305.363617
0.000024 305.572846
0.000025 305.782105
0.000025 305.991394
0.000029 306.200714
0.000029 306.410034
0.000027 306.619354
0.000030 306.828705
0.000032 307.038086
0.000031 307.247467
0.000034 307.456879
0.000033 307.666321
0.000032 307.875763
0.000030 308.085236
0.000032 308.294708
0.000033 308.504211
0.000035 308.713715
0.000032 308.923248
0.000033 309.132812
0.000032 309.342377
0.000032 309.551971
0.000029 309.761597
0.000028 309.971222
0.000024 310.180847
0.000023 310.390533
0.000026 310.600189
0.000025 310.809906
0.000022 311.019623
0.000020 311.229340
0.000015 311.439087
0.000013 311.648865
0.000006 311.858643
0.000008 312.068451
0.000008 312.278290
0.000007 312.488129
0.000010 312.697998
0.000006 312.907867
0.000005 313.117767
0.000007 313.327667
0.000005 313.537598
0.000005 313.747559
0.000002 313.957519
0.000001 314.167511
0.000004 314.377502
0.000009 314.587524
0.000006 314.797577
0.000006 315.007629
0.000005 315.217712
0.000003 315.427795
0.000001 315.637909
0.000000 315.848023
0.000003 316.058197
0.000005 316.268341
0.000004 316.478516
0.000011 316.688721
0.000010 316.898956
0.000010 317.109192
0.000014 317.319428
0.000012 317.529694
0.000011 317.739990
0.000014 317.950317
0.000013 318.160614
0.000014 318.370972
0.000017 318.581329
0.000019 318.791718
0.000019 319.002106
0.000023 319.212524
0.000023 319.422943
0.000024 319.633392
0.000029 319.843872
0.000030 320.054352
0.000028 320.264862
0.000031 320.475372
0.000035 320.685913
0.000039 320.896484
0.000041 321.107056
0.000039 321.317627
0.000042 321.528259
0.000044 321.738861
0.000045 321.949524
0.000040 322.160187
0.000041 322.370850
0.000044 322.581573
0.000041 322.792267
0.000042 323.003021
0.000043 323.213776
0.000043 323.424530
0.000040 323.635315
0.000039 323.846130
0.000038 324.056946
0.000039 324.267792
0.000037 324.478638
0.000041 324.689514
0.000033 324.900421
0.000034 325.111328
0.000036 325.322266
0.000031 325.533203
0.000033 325.744171
0.000033 325.955139
0.000033 326.166138
0.000032 326.377167
0.000029 326.588196
0.000030 326.799255
0.000032 327.010315
0.000027 327.221405
0.000024 327.432495
0.000022 327.643616
0.000020 327.854767
0.000016 328.065918
0.000015 328.277100
0.000013 328.488312
0.000015 328.699493
0.000012 328.910736
0.000014 329.121979
0.000013 329.333252
0.000011 329.544525
0.000004 329.755829
0.000003 329.967133
0.000001 330.178467
0.000003 330.389832
0.000005 330.601196
0.000007 330.812592
0.000012 331.023987
0.000010 331.235413
0.000012 331.446838
0.000013 331.658295
0.000010 331.869781
0.000011 332.081268
0.000015 332.292786
0.000013 332.504303
0.000010 332.715851
0.000011 332.927399
0.000017 333.138977
0.000016 333.350586
0.000017 333.562195
0.000018 333.773834
0.000017 333.985474
0.000019 334.197144
0.000016 334.408844
0.000017 334.620544
0.000017 334.832245
0.000018 335.043976
0.000018 335.255737
0.000019 335.467499
0.000022 335.679291
0.000022 335.891113
0.000017 336.102936
0.000013 336.314789
0.000018 336.526642
0.000016 336.738495
0.000020 336.950409
0.000022 337.162323
0.000022 337.374237
0.000019 337.586182
0.000026 337.798157
0.000023 338.010132
0.000020 338.222137
0.000019 338.434143
0.000019 338.646179
0.000021 338.858215
0.000018 339.070282
0.000019 339.282379
0.000022 339.494476
0.000020 339.706604
0.000018 339.918732
0.000017 340.130890
0.000000 340.343079
0.000004 340.555267
0.000003 340.767456
0.000011 340.979675
0.000015 341.191925
0.000016 341.404175
0.000018 341.616455
0.000021 341.828766
0.000020 342.041077
0.000025 342.253387
0.000025 342.465729
0.000037 342.678101
0.000041 342.890472
0.000041 343.102875
0.000044 343.315277
0.000045 343.527710
0.000050 343.740173
0.000053 343.952637
0.000057 344.165131
0.000060 344.377625
0.000063 344.590149
0.000069 344.802673
0.000073 345.015228
0.000073 345.227783
0.000081 345.440369
0.000088 345.652985
0.000093 345.865601
0.000090 346.078247
0.000095 346.290894
0.000099 346.503571
0.000096 346.716248
0.000098 346.928955
0.000098 347.141693
0.000099 347.354431
0.000090 347.567200
0.000087 347.779968
0.000087 347.992767
0.000081 348.205566
0.000073 348.418396
0.000070 348.631256
0.000070 348.844116
0.000069 349.056976
0.000070 349.269867
0.000062 349.482788
0.000063 349.695709
0.000054 349.908661
0.000047 350.121643
0.000044 350.334625
0.000042 350.547607
0.000036 350.760620
0.000034 350.973663
0.000028 351.186707
0.000027 351.399780
0.000021 351.612885
0.000013 351.825958
0.000010 352.039093
0.000007 352.252228
0.000004 352.465393
0.000002 352.678558
0.000000 352.891724
0.000000 353.104950
0.000017 353.318176
0.000014 353.531403
0.000014 353.744659
0.000012 353.957916
0.000010 354.171204
0.000013 354.384522
0.000014 354.597839
0.000015 354.811188
0.000017 355.024536
0.000016 355.237915
0.000017 355.451324
0.000017 355.664734
0.000014 355.878143
0.000019 356.091583
0.000017 356.305054
0.000020 356.518524
0.000019 356.732025
0.000019 356.945526
0.000021 357.159058
0.000023 357.372589
0.000022 357.586151
0.000027 357.799744
0.000024 358.013336
0.000026 358.226959
0.000023 358.440582
0.000017 358.654236
0.000016 358.867889
0.000017 359.081573
0.000017 359.295258
0.000014 359.508972
0.000008 359.722717
0.000008 359.936462
0.000005 360.150238
0.000004 360.364014
0.000009 360.577820
0.000013 360.791626
0.000012 361.005463
0.000018 361.219299
0.000017 361.433167
0.000015 361.647064
0.000014 361.860962
0.000014 362.074860
0.000016 362.288818
0.000020 362.502747
0.000018 362.716736
0.000000 362.930725
0.000182 363.144714
0.000692 363.358734
0.001476 363.572754
0.001974 363.786804
0.000675 364.000885
0.000696 364.214966
0.000000 364.429077
0.000000 364.643189
0.000000 364.857330
0.000000 365.071472
0.000000 365.285644
0.000000 365.499847
0.000000 365.714050
0.000000 365.928253
0.000000 366.142487
0.000000 366.356750
0.000000 366.571014
0.000000 366.785309
0.000000 366.999603
0.000000 367.213928
0.000000 367.428284
0.000000 367.642639
0.000000 367.856995
0.000000 368.071381
0.000000 368.285797
0.000881 368.500214
0.000901 368.714661
0.001170 368.929108
0.001251 369.143585
0.002356 369.358063
0.003377 369.572571
0.003710 369.787109
0.003363 370.001648
0.004265 370.216186
0.005313 370.430756
0.006684 370.645355
0.006840 370.859955
0.007443 371.074585
0.008304 371.289215
0.008260 371.503876
0.009150 371.718536
0.008828 371.933227
0.008194 372.147949
0.007251 372.362671
0.007816 372.577393
0.007794 372.792145
0.007565 373.006928
0.008288 373.221710
0.007309 373.436523
0.007658 373.651337
0.007852 373.866180
0.007074 374.081024
0.007064 374.295898
0.007264 374.510803
0.007650 374.725708
0.007568 374.940613
0.007217 375.155548
0.006602 375.370514
0.005378 375.585480
0.005167 375.800476
0.004176 376.015472
0.003845 376.230499
0.002459 376.445526
0.000432 376.660583
0.000000 376.875671
0.000000 377.090759
0.000000 377.305847
0.000000 377.520966
0.000000 377.736114
0.000000 377.951263
0.000000 378.166443
0.000000 378.381622
0.000000 378.596832
0.000000 378.812042
0.000000 379.027283
0.000000 379.242523
0.000000 379.457794
0.000000 379.673096
0.000000 379.888397
0.000000 380.103699
0.000000 380.319031
0.000000 380.534393
0.000000 380.749756
0.000000 380.965149
0.000000 381.180542
0.000000 381.395966
0.000000 381.611389
0.000000 381.826843
0.000544 382.042328
0.001606 382.257812
0.001593 382.473297
0.001729 382.688812
0.002388 382.904358
0.003603 383.119904
0.004460 383.335480
0.004294 383.551056
0.003737 383.766632
0.003874 383.982269
0.004060 384.197906
0.003411 384.413544
0.003327 384.629211
0.002951 384.844879
0.002925 385.060577
0.003395 385.276306
0.004189 385.492035
0.004467 385.707764
0.004506 385.923523
0.005247 386.139313
0.004762 386.355102
0.005885 386.570923
0.005791 386.786743
0.004966 387.002594
0.005553 387.218445
0.005434 387.434326
0.005006 387.650208
0.003864 387.866119
0.003127 388.082062
0.002605 388.298004
0.002097 388.513946
0.002622 388.729919
0.002312 388.945923
0.002142 389.161926
0.001599 389.377960
0.001479 389.593994
0.001695 389.810059
0.001624 390.026123
0.001139 390.242218
0.002131 390.458313
0.001608 390.674439
0.001203 390.890564
0.000647 391.106720
0.001231 391.322906
0.000774 391.539093
0.000783 391.755279
0.000823 391.971497
0.000280 392.187744
0.000389 392.403992
0.000000 392.620270
0.000000 392.836548
0.000000 393.052856
0.000000 393.269165
0.000000 393.485504
0.000234 393.701843
0.000000 393.918213
0.000389 394.134583
0.001176 394.350983
0.001453 394.567413
0.000974 394.783814
0.000388 395.000275
0.000255 395.216736
0.000238 395.433227
0.000420 395.649719
0.000295 395.866211
0.000585 396.082733
0.001012 396.299286
0.000877 396.515839
0.000669 396.732422
0.000873 396.949005
0.001187 397.165619
0.001042 397.382233
0.001250 397.598877
0.001623 397.815552
0.001213 398.032196
0.001351 398.248901
0.001225 398.465607
0.001652 398.682312
0.000926 398.899048
0.001523 399.115814
0.001432 399.332581
0.001317 399.549377
0.001371 399.766174
0.001237 399.982971
0.001539 400.199799
0.001323 400.416656
0.001271 400.633514
0.001062 400.850403
0.001590 401.067291
0.001317 401.284210
0.001295 401.501160
0.001361 401.718079
0.000687 401.935059
0.000438 402.152039
0.000887 402.369019
0.000880 402.586029
0.000978 402.803070
0.000863 403.020111
0.001016 403.237152
0.000673 403.454224
0.000877 403.671326
0.001029 403.888428
0.001005 404.105530
0.001445 404.322693
0.001456 404.539825
0.001560 404.756988
0.001408 404.974182
0.001275 405.191376
0.001623 405.408600
0.001588 405.625824
0.001556 405.843079
0.001969 406.060364
0.001741 406.277618
0.002183 406.494934
0.002375 406.712250
0.000320 406.929565
0.001244 407.146912
0.001348 407.364288
0.001676 407.581665
0.001817 407.799042
0.002565 408.016449
0.003157 408.233887
0.003518 408.451324
0.004028 408.668762
0.004422 408.886231
0.004831 409.103729
0.005137 409.321228
0.005370 409.538757
0.005405 409.756287
0.005997 409.973846
0.005953 410.191406
0.006073 410.408997
0.006443 410.626587
0.006171 410.844208
0.006161 411.061829
0.005743 411.279480
0.005892 411.497131
0.006272 411.714813
0.006507 411.932495
0.006718 412.150208
0.006680 412.367950
0.006995 412.585693
0.007178 412.803436
0.006990 413.021210
0.006785 413.239014
0.006317 413.456818
0.006301 413.674622
0.005835 413.892456
0.006021 414.110321
0.005433 414.328186
0.005328 414.546051
0.005169 414.763977
0.005032 414.981873
0.004947 415.199799
0.005110 415.417755
0.004747 415.635712
0.004369 415.853699
0.004140 416.071686
0.004091 416.289703
0.003222 416.507721
0.003707 416.725769
0.003487 416.943817
0.002894 417.161896
0.002260 417.379974
0.001790 417.598083
0.001210 417.816193
0.000976 418.034332
0.000813 418.252472
0.000926 418.470642
0.000819 418.688843
0.000516 418.907013
0.000466 419.125244
0.000276 419.343475
0.000669 419.561707
0.000089 419.779968
0.000000 419.998261
0.001996 420.216553
0.001806 420.434845
0.002173 420.653168
0.001838 420.871521
0.001736 421.089874
0.001811 421.308227
0.002019 421.526611
0.002123 421.745026
0.002198 421.963440
0.002223 422.181854
0.002399 422.400299
0.002427 422.618774
0.002649 422.837250
0.002671 423.055756
0.002822 423.274262
0.002940 423.492767
0.002576 423.711334
0.002185 423.929871
0.002436 424.148438
0.002411 424.367035
0.002509 424.585632
0.002671 424.804260
0.002781 425.022888
0.002630 425.241547
0.003071 425.460205
0.002992 425.678894
0.002817 425.897583
0.002556 426.116303
0.002441 426.335022
0.002084 426.553772
0.002284 426.772522
0.002234 426.991303
0.002264 427.210083
0.001732 427.428894
0.001414 427.647705
0.001332 427.866547
0.001064 428.085388
0.000484 428.304260
0.000541 428.523163
0.000000 428.742035
0.000000 428.960968
0.000000 429.179901
0.000000 429.398834
0.000000 429.617798
0.000041 429.836762
0.000000 430.055756
0.000000 430.274780
0.000000 430.493774
0.000000 430.712830
0.000000 430.931885
0.000000 431.150940
0.000000 431.370026
0.000000 431.589111
0.000000 431.808227
0.000000 432.027374
0.000000 432.246521
0.000000 432.465668
0.000000 432.684845
0.000000 432.904053
0.000000 433.123230
0.000000 433.342468
0.000000 433.561707
0.000000 433.780945
0.000000 434.000214
0.000000 434.219513
0.000000 434.438812
0.000000 434.658112
0.000000 434.877441
0.000000 435.096802
0.000084 435.316162
0.000097 435.535523
0.000454 435.754913
0.000244 435.974335
0.000695 436.193756
0.000749 436.413178
0.000740 436.632629
0.000687 436.852081
0.001210 437.071564
0.001167 437.291077
0.001243 437.510590
0.001362 437.730102
0.001944 437.949646
0.001979 438.169220
0.002096 438.388794
0.002560 438.608368
0.002797 438.827972
0.003117 439.047607
0.002967 439.267242
0.002935 439.486877
0.002566 439.706543
0.002324 439.926239
0.002231 440.145935
0.002023 440.365631
0.001733 440.585358
0.001726 440.805115
0.001202 441.024872
0.000904 441.244629
0.000655 441.464417
0.000533 441.684235
0.000327 441.904053
0.000741 442.123871
0.000996 442.343720
0.001201 442.563599
0.000954 442.783478
0.000939 443.003357
0.000652 443.223267
0.000549 443.443176
0.000366 443.663117
0.000730 443.883087
0.001236 444.103058
0.001152 444.323029
0.001058 444.543030
0.001127 444.763061
0.000940 444.983063
0.000000 445.203125
0.000000 445.423187
0.000000 445.643250
0.000000 445.863342
0.000000 446.083466
0.000000 446.303558
0.000000 446.523712
0.000325 446.743866
0.000480 446.964020
0.000699 447.184204
0.000979 447.404388
0.001005 447.624603
0.001397 447.844849
0.001677 448.065064
0.002003 448.285339
0.002026 448.505615
0.002374 448.725891
0.002859 448.946197
0.002763 449.166504
0.003765 449.386841
0.003721 449.607178
0.003847 449.827545
0.004100 450.047913
0.004494 450.268310
0.004793 450.488708
0.005030 450.709137
0.005045 450.929565
0.004990 451.150024
0.005015 451.370483
0.005069 451.590973
0.005022 451.811462
0.004807 452.031982
0.004663 452.252502
0.004466 452.473053
0.004441 452.693603
0.004198 452.914185
0.004349 453.134766
0.004201 453.355347
0.004127 453.575989
0.003714 453.796600
0.003573 454.017242
0.003126 454.237915
0.003642 454.458588
0.003519 454.679291
0.003314 454.899994
0.003190 455.120697
0.003633 455.341431
0.003420 455.562195
0.003263 455.782959
0.002573 456.003723
0.002562 456.224518
0.002381 456.445343
0.001992 456.666168
0.001965 456.886993
0.001991 457.107849
0.002106 457.328735
0.001942 457.549622
0.001399 457.770508
0.000838 457.991425
0.000632 458.212341
0.000422 458.433289
0.001879 458.654266
0.001722 458.875214
0.001639 459.096222
0.001934 459.317230
0.001787 459.538238
0.001566 459.759277
0.001556 459.980316
0.001466 460.201386
0.001521 460.422455
0.001585 460.643555
0.001649 460.864654
0.001497 461.085785
0.001555 461.306915
0.001510 461.528046
0.001518 461.749237
0.001562 461.970398
0.001462 462.191589
0.001546 462.412811
0.001532 462.634033
0.001377 462.855286
0.001157 463.076538
0.001137 463.297791
0.000637 463.519073
0.000264 463.740387
0.000000 463.961700
0.000083 464.183014
0.000171 464.404358
0.000365 464.625732
0.000394 464.847076
0.000383 465.068481
0.000456 465.289887
0.000590 465.511292
0.000383 465.732727
0.000216 465.954163
0.000268 466.175629
0.000439 466.397095
0.000489 466.618591
0.000439 466.840088
0.000321 467.061615
0.000253 467.283142
0.000458 467.504700
0.000435 467.726257
0.000337 467.947846
0.000470 468.169434
0.000606 468.391052
0.000924 468.612671
0.001013 468.834290
0.000899 469.055939
0.000898 469.277618
0.001322 469.499298
0.001193 469.720978
0.001049 469.942688
0.001322 470.164429
0.001216 470.386169
0.001065 470.607910
0.000772 470.829681
0.000142 471.051453
0.000157 471.273254
0.000447 471.495056
0.000307 471.716888
0.000336 471.938721
0.000000 472.160583
0.000000 472.382446
0.000000 472.604340
0.000000 472.826233
0.000000 473.048157
0.000000 473.270081
0.000000 473.492035
0.000000 473.713989
0.000000 473.935944
0.000000 474.157929
0.000000 474.379944
0.000000 474.601959
0.000000 474.823975
0.000000 475.046020
0.000000 475.268066
0.000000 475.490143
0.000000 475.712250
0.000000 475.934357
0.000000 476.156464
0.000000 476.378601
0.000000 476.600738
0.000000 476.822906
0.000000 477.045074
0.000000 477.267242
0.000000 477.489471
0.000000 477.711670
0.000000 477.933899
0.000000 478.156158
0.000000 478.378418
0.000100 478.600678
0.000086 478.822968
0.000093 479.045288
0.000319 479.267609
0.000567 479.489929
0.000455 479.712280
0.000372 479.934631
0.000245 480.157013
0.000364 480.379425
0.000218 480.601807
0.000455 480.824249
0.000212 481.046661
0.000541 481.269104
0.000372 481.491577
0.000379 481.714050
0.000200 481.936554
0.000148 482.159058
0.000000 482.381561
0.000100 482.604096
0.000000 482.826660
0.000000 483.049225
0.000000 483.271790
0.000000 483.494385
0.000000 483.716980
0.000000 483.939606
0.000000 484.162231
0.000000 484.384888
0.000000 484.607544
0.000000 484.830231
0.000000 485.052917
0.000000 485.275635
0.000000 485.498352
0.000000 485.721069
0.000000 485.943848
0.000000 486.166596
0.000000 486.389374
0.000000 486.612152
0.000000 486.834961
0.000143 487.057800
0.000121 487.280609
0.000152 487.503479
0.000054 487.726349
0.000257 487.949219
0.000213 488.172089
0.000085 488.395019
0.000186 488.617920
0.000356 488.840851
0.000621 489.063812
0.000671 489.286774
0.000963 489.509735
0.001049 489.732727
0.000907 489.955750
0.000864 490.178772
0.000664 490.401794
0.000788 490.624847
0.000761 490.847900
0.000971 491.070984
0.000668 491.294067
0.000764 491.517181
0.000629 491.740295
0.000624 491.963440
0.000291 492.186584
0.000398 492.409729
0.000313 492.632904
0.000202 492.856110
0.000029 493.079285
0.000000 493.302521
0.000000 493.525757
0.000000 493.748993
0.000000 493.972260
0.000000 494.195526
0.000000 494.418823
0.000000 494.642120
0.000000 494.865417
0.000000 495.088776
0.000000 495.312103
0.000000 495.535461
0.000000 495.758850
0.000000 495.982208
0.000000 496.205627
0.000000 496.429047
0.000000 496.652466
0.000000 496.875916
0.000000 497.099365
0.000000 497.322846
0.000000 497.546326
0.000000 497.769806
0.000000 497.993317
0.000000 498.216858
0.000000 498.440399
0.000000 498.663940
0.000000 498.887512
0.000000 499.111114
0.000000 499.334686
0.000000 499.558319
0.000185 499.781921
0.000253 500.005585
0.000258 500.229218
0.000240 500.452881
0.000319 500.676575
0.000541 500.900269
0.000341 501.123993
0.000620 501.347687
0.000563 501.571442
0.000472 501.795196
0.000922 502.018951
0.001083 502.242737
0.001166 502.466522
0.001037 502.690338
0.001198 502.914154
0.001004 503.137970
0.001086 503.361816
0.001475 503.585693
0.001613 503.809570
0.001893 504.033447
0.001915 504.257355
0.002065 504.481293
0.002003 504.705200
0.001931 504.929169
0.002063 505.153107
0.002014 505.377075
0.001924 505.601074
0.002073 505.825073
0.001927 506.049103
0.002031 506.273132
0.001961 506.497162
0.001978 506.721222
0.001939 506.945282
0.001733 507.169373
0.001503 507.393463
0.001398 507.617584
0.001258 507.841705
0.001453 508.065857
0.000992 508.290008
0.001065 508.514160
0.000925 508.738342
0.000947 508.962524
0.000407 509.186737
0.000448 509.410980
0.000452 509.635193
0.000438 509.859467
0.000209 510.083710
0.000217 510.307983
0.000050 510.532288
0.000000 510.756592
0.000000 510.980896
0.000000 511.205231
0.000000 511.429596
0.000000 511.653961
0.000000 511.878326
0.000000 512.102722
0.000000 512.327087
0.000000 512.551514
0.000000 512.775940
0.000000 513.000366
0.000000 513.224853
0.000000 513.449341
0.000000 513.673828
0.000000 513.898315
0.000000 514.122803
0.000000 514.347351
0.000000 514.571899
0.000000 514.796448
0.000000 515.020996
0.000000 515.245544
0.000000 515.470154
0.000000 515.694763
0.000000 515.919373
0.000000 516.144043
0.000000 516.368652
0.000000 516.593323
0.000000 516.817993
0.000000 517.042664
0.000000 517.267395
0.000000 517.492127
0.000000 517.716858
0.000000 517.941589
0.000000 518.166321
0.000000 518.391113
0.000000 518.615906
0.000000 518.840698
0.000000 519.065491
0.000000 519.290344
0.000000 519.515137
0.000000 519.739990
0.000000 519.964905
0.000000 520.189758
0.000000 520.414673
0.000000 520.639526
0.000000 520.864502
0.000000 521.089416
0.000000 521.314331
0.000000 521.539307
0.000000 521.764282
0.000000 521.989258
0.000000 522.214294
0.000000 522.439270
0.000000 522.664307
0.000000 522.889343
0.000000 523.114380
0.000000 523.339478
0.000012 523.564575
0.000000 523.789673
0.000000 524.014771
0.000000 524.239868
0.000300 524.465027
0.000220 524.690185
0.000068 524.915344
0.000379 525.140503
0.000462 525.365723
0.000695 525.590881
0.000806 525.816101
0.000643 526.041321
0.000691 526.266602
0.000751 526.491821
0.000811 526.717102
0.000660 526.942383
0.000844 527.167725
0.000959 527.393005
0.001137 527.618347
0.000921 527.843689
0.001044 528.069031
0.000834 528.294373
0.000958 528.519775
0.001038 528.745178
0.001156 528.970581
0.001118 529.195984
0.001417 529.421387
0.001462 529.646851
0.001385 529.872315
0.001484 530.097778
0.001368 530.323242
0.001376 530.548767
0.001351 530.774292
0.001509 530.999817
0.001428 531.225342
0.001275 531.450867
0.001220 531.676453
0.001218 531.902039
0.001023 532.127625
0.001009 532.353210
0.001061 532.578857
0.000949 532.804504
0.000735 533.030151
0.000773 533.255798
0.000982 533.481445
0.000827 533.707153
0.000872 533.932861
0.001073 534.158569
0.000931 534.384277
0.000790 534.609985
0.000701 534.835754
0.000743 535.061523
0.000975 535.287293
0.000961 535.513062
0.000657 535.738892
0.000822 535.964722
0.000754 536.190552
0.000582 536.416382
0.000624 536.642273
0.000724 536.868103
0.000712 537.093994
0.000755 537.319885
0.000855 537.545776
0.000770 537.771728
0.000717 537.997681
0.000501 538.223633
0.000848 538.449585
0.001141 538.675537
0.001121 538.901550
0.001106 539.127563
0.000943 539.353577
0.000834 539.579590
0.001158 539.805603
0.001125 540.031677
0.001076 540.257752
0.000989 540.483826
0.001152 540.709900
0.000950 540.936035
0.000890 541.162170
0.000859 541.388306
0.000892 541.614441
0.000921 541.840576
0.000954 542.066772
0.000651 542.292969
0.000866 542.519165
0.000790 542.745361
0.000905 542.971619
0.000770 543.197815
0.000986 543.424072
0.000633 543.650330
0.000734 543.876648
0.000974 544.102905
0.001071 544.329224
0.001182 544.555542
0.001480 544.781860
0.001641 545.008240
0.001831 545.234558
0.002001 545.460938
0.001855 545.687317
0.002087 545.913696
0.002014 546.140137
0.002129 546.366577
0.002217 546.593018
0.002338 546.819458
0.002531 547.045898
0.002488 547.272400
0.002620 547.498840
0.002574 547.725342
0.002671 547.951843
0.002832 548.178406
0.003011 548.404907
0.003112 548.631470
0.003165 548.858032
0.003092 549.084656
0.002954 549.311218
0.002801 549.537842
0.002921 549.764465
0.003002 549.991089
0.003180 550.217712
0.003166 550.444397
0.002333 550.671021
0.002581 550.897705
0.002665 551.124390
0.002767 551.351135
0.002980 551.577820
0.003034 551.804565
0.003015 552.031311
0.002830 552.258057
0.002897 552.484863
0.002947 552.711670
0.002837 552.938416
0.002753 553.165222
0.002823 553.392090
0.002560 553.618897
0.002475 553.845764
0.002472 554.072632
0.002310 554.299500
0.002101 554.526367
0.002020 554.753296
0.002081 554.980225
0.002083 555.207153
0.002058 555.434082
0.001881 555.661011
0.001874 555.888000
0.001966 556.114990
0.001893 556.341980
0.001785 556.568970
0.001878 556.795959
0.001873 557.023010
0.001740 557.250061
0.002132 557.477112
0.001888 557.704163
0.001844 557.931274
0.001906 558.158325
0.001882 558.385437
0.001700 558.612549
0.001604 558.839722
0.001633 559.066834
0.001516 559.294006
0.001694 559.521179
0.001815 559.748352
0.002010 559.975525
0.001997 560.202759
0.001884 560.429993
0.002014 560.657227
0.001967 560.884460
0.002026 561.111755
0.001946 561.338989
0.001861 561.566284
0.001688 561.793579
0.001305 562.020874
0.000694 562.248230
0.000133 562.475525
0.000000 562.702881
0.000000 562.930237
0.000000 563.157654
0.000000 563.385010
0.000000 563.612427
0.000000 563.839844
0.000000 564.067261
0.000000 564.294678
0.000000 564.522156
0.000000 564.749634
0.000000 564.977112
0.000000 565.204590
0.000000 565.432068
0.000000 565.659607
0.000000 565.887085
0.000000 566.114624
0.001880 566.342224
0.004255 566.569763
0.006803 566.797363
0.009880 567.024902
0.013131 567.252502
0.016769 567.480164
0.020662 567.707764
0.024912 567.935425
0.029621 568.163086
0.034577 568.390747
0.039761 568.618408
0.044981 568.846069
0.050676 569.073791
0.056605 569.301514
0.062735 569.529236
0.069249 569.756958
0.076034 569.984741
0.082922 570.212524
0.090238 570.440308
0.097489 570.668091
0.104947 570.895874
0.112654 571.123718
0.120550 571.351502
0.128765 571.579346
0.136865 571.807190
0.145018 572.035095
0.153716 572.262940
0.162374 572.490845
0.171244 572.718750
0.179961 572.946655
0.188940 573.174622
0.198234 573.402527
0.207452 573.630493
0.216721 573.858459
0.226103 574.086426
0.235772 574.314453
0.245157 574.542419
0.254826 574.770447
0.264203 574.998474
0.274001 575.226502
0.283439 575.454590
0.292912 575.682617
0.302869 575.910706
0.313025 576.138794
0.323259 576.366882
0.333632 576.595032
0.344474 576.823120
0.355807 577.051269
0.367572 577.279419
0.379769 577.507629
0.392455 577.735779
0.405535 577.963989
0.419477 578.192200
0.433865 578.420410
0.448950 578.648621
0.465076 578.876831
0.481627 579.105103
0.498889 579.333374
0.516645 579.561646
0.534939 579.789917
0.553626 580.018250
0.572635 580.246521
0.591678 580.474853
0.611145 580.703186
0.630688 580.931580
0.650127 581.159912
0.669462 581.388306
0.688734 581.616699
0.707721 581.845093
0.726555 582.073486
0.745205 582.301941
0.763800 582.530334
0.782645 582.758789
0.801166 582.987244
0.819597 583.215759
0.838096 583.444214
0.856023 583.672729
0.873410 583.901245
0.890082 584.129761
0.906161 584.358276
0.921480 584.586853
0.935881 584.815430
0.948867 585.043945
0.960542 585.272583
0.971134 585.501160
0.980147 585.729736
0.987645 585.958374
0.993405 586.187012
0.997477 586.415649
0.999560 586.644348
1.000000 586.872986
0.998371 587.101685
0.994786 587.330383
0.989159 587.559082
0.981580 587.787781
0.971867 588.016541
0.959873 588.245239
0.946218 588.473999
0.930135 588.702759
0.912169 588.931580
0.892022 589.160339
0.870283 589.389160
0.846795 589.617981
0.821537 589.846802
0.794768 590.075623
0.766813 590.304504
0.737867 590.533386
0.708023 590.762268
0.677453 590.991150
0.646319 591.220032
0.614793 591.448914
0.583042 591.677856
0.551403 591.906799
0.519789 592.135742
0.488363 592.364685
0.457172 592.593689
0.426008 592.822693
0.395060 593.051697
0.364667 593.280701
0.334879 593.509705
0.305622 593.738769
0.277122 593.967773
0.249417 594.196838
0.222720 594.425903
0.197174 594.654968
0.172947 594.884094
0.149960 595.113220
0.128598 595.342346
0.108976 595.571472
0.090956 595.800598
0.074837 596.029724
0.060331 596.258911
0.047753 596.488098
0.036515 596.717285
0.026704 596.946472
0.018113 597.175720
0.010630 597.404907
0.004412 597.634155
0.000000 597.863403
0.000000 598.092651
0.000000 598.321960
0.000000 598.551269
0.000000 598.780518
0.000000 599.009827
0.000000 599.239197
0.000000 599.468506
0.000000 599.697876
0.000000 599.927185
0.000000 600.156555
0.000000 600.385986
0.000000 600.615356
0.000000 600.844788
0.000000 601.074158
0.000000 601.303589
0.000000 601.533081
0.000000 601.762512
0.000000 601.992004
0.000000 602.221435
0.000000 602.450928
0.000000 602.680481
0.000309 602.909973
0.000609 603.139465
0.000961 603.369019
0.001079 603.598572
0.001185 603.828125
0.001386 604.057739
0.001526 604.287293
0.001740 604.516907
0.001902 604.746521
0.001781 604.976135
0.001809 605.205750
0.001825 605.435425
0.001799 605.665039
0.002010 605.894714
0.001987 606.124390
0.001913 606.354126
0.001775 606.583801
0.001803 606.813538
0.001938 607.043213
0.001887 607.273010
0.001790 607.502747
0.001564 607.732483
0.001513 607.962280
0.001556 608.192078
0.001483 608.421875
0.001390 608.651672
0.001299 608.881470
0.001332 609.111328
0.001315 609.341187
0.001218 609.571045
0.001271 609.800903
0.001167 610.030762
0.001308 610.260681
0.001303 610.490540
0.001208 610.720459
0.001059 610.950440
0.001061 611.180359
0.001000 611.410278
0.000946 611.640259
0.000937 611.870239
0.000924 612.100220
0.000778 612.330200
0.000679 612.560242
0.000650 612.790222
0.000475 613.020264
0.000312 613.250305
0.000309 613.480408
0.000217 613.710449
0.000397 613.940552
0.000311 614.170593
0.000359 614.400696
0.000060 614.630859
0.000103 614.860962
0.000463 615.091125
0.000493 615.321228
0.000486 615.551392
0.000504 615.781616
0.000315 616.011780
0.000431 616.241943
0.000385 616.472168
0.000629 616.702393
0.000672 616.932617
0.000630 617.162842
0.000731 617.393127
0.000793 617.623413
0.000852 617.853638
0.000827 618.083984
0.000811 618.314270
0.000802 618.544556
0.000730 618.774902
0.000922 619.005249
0.000947 619.235596
0.000952 619.465942
0.001069 619.696289
0.000975 619.926697
0.001067 620.157104
0.001125 620.387512
0.001144 620.617920
0.001112 620.848328
0.001098 621.078796
0.001182 621.309204
0.001096 621.539673
0.001285 621.770142
0.001192 622.000610
0.001123 622.231140
0.001130 622.461670
0.001204 622.692139
0.001197 622.922668
0.001274 623.153259
0.001353 623.383789
0.001362 623.614380
0.001283 623.844910
0.001371 624.075500
0.001399 624.306152
0.001332 624.536743
0.001285 624.767334
0.001276 624.997986
0.001297 625.228638
0.001380 625.459290
0.001373 625.689941
0.001303 625.920654
0.001201 626.151367
0.001252 626.382019
0.001246 626.612732
0.001133 626.843506
0.001197 627.074219
0.001323 627.304993
0.001283 627.535706
0.001392 627.766479
0.001213 627.997315
0.001240 628.228088
0.000995 628.458862
0.001068 628.689697
0.001008 628.920532
0.001044 629.151367
0.000951 629.382202
0.000892 629.613098
0.000851 629.843994
0.000992 630.074829
0.000808 630.305725
0.000836 630.536682
0.000876 630.767578
0.000729 630.998535
0.000772 631.229431
0.000664 631.460388
0.000730 631.691345
0.000696 631.922363
0.000818 632.153320
0.000810 632.384338
0.000875 632.615356
0.000920 632.846375
0.000775 633.077393
0.000678 633.308472
0.000826 633.539490
0.000789 633.770569
0.000661 634.001648
0.000550 634.232727
0.000340 634.463806
0.000275 634.694946
0.000193 634.926086
0.000168 635.157227
0.000129 635.388367
0.000173 635.619507
0.000125 635.850647
0.000149 636.081848
0.000232 636.313049
0.000357 636.544250
0.000471 636.775452
0.000584 637.006714
0.000709 637.237915
0.000693 637.469177
0.000822 637.700440
0.000821 637.931702
0.001040 638.162964
0.001060 638.394287
0.001136 638.625549
0.001153 638.856873
0.001154 639.088196
0.001066 639.319519
0.001139 639.550903
0.000987 639.782227
0.001088 640.013611
0.001131 640.244995
0.001054 640.476379
0.001009 640.707825
0.001099 640.939209
0.001069 641.170654
0.001122 641.402100
0.001254 641.633545
0.001229 641.864990
0.001145 642.096435
0.001150 642.327942
0.001104 642.559448
0.001058 642.790955
0.000977 643.022461
0.000908 643.253967
0.000758 643.485474
0.000572 643.717041
0.000500 643.948608
0.000304 644.180176
0.000365 644.411743
0.000423 644.643372
0.000455 644.874939
0.000552 645.106567
0.000581 645.338196
0.000397 645.569824
0.000318 645.801453
0.000306 646.033142
0.000313 646.264832
0.000272 646.496460
0.000236 646.728149
0.000105 646.959900
0.000121 647.191589
0.000102 647.423340
0.000000 647.655029
0.000000 647.886780
0.000000 648.118530
0.000000 648.350342
0.000000 648.582092
0.000000 648.813904
0.000000 649.045715
0.000009 649.277527
0.000116 649.509338
0.000176 649.741150
0.000231 649.973022
0.000365 650.204895
0.000367 650.436768
0.000418 650.668640
0.000398 650.900513
0.000467 651.132385
0.000515 651.364319
0.000713 651.596252
0.000619 651.828186
0.000781 652.060120
0.000400 652.292053
0.000394 652.524048
0.000312 652.756043
0.000130 652.987976
0.000220 653.219971
0.000250 653.452026
0.000193 653.684021
0.000368 653.916077
0.000362 654.148071
0.000335 654.380127
0.000416 654.612244
0.000437 654.844299
0.000361 655.076355
0.000409 655.308472
0.000381 655.540588
0.000217 655.772705
0.000021 656.004822
0.000139 656.236938
0.000109 656.469116
0.000132 656.701294
0.000089 656.933472
0.000195 657.165649
0.000133 657.397827
0.000257 657.630005
0.000442 657.862244
0.000463 658.094482
0.000632 658.326721
0.000686 658.558960
0.000682 658.791199
0.000555 659.023498
0.000409 659.255737
0.000233 659.488037
0.000211 659.720337
0.000367 659.952698
0.000458 660.184998
0.000342 660.417297
0.000536 660.649658
0.000622 660.882019
0.000665 661.114380
0.000600 661.346741
0.000689 661.579163
0.000827 661.811584
0.000858 662.043945
0.001023 662.276367
0.001193 662.508789
0.001446 662.741272
0.001233 662.973694
0.001054 663.206177
0.001156 663.438660
0.001114 663.671143
0.001125 663.903625
0.001276 664.136108
0.001346 664.368652
0.001388 664.601196
0.001330 664.833679
0.001278 665.066284
0.001276 665.298828
0.001162 665.531372
0.001039 665.763977
0.001003 665.996582
0.000722 666.229187
0.000875 666.461792
0.000793 666.694397
0.000754 666.927002
0.000762 667.159668
0.000713 667.392334
0.000763 667.625000
0.000730 667.857666
0.000725 668.090332
0.000746 668.323059
0.000678 668.555725
0.000602 668.788452
0.000648 669.021179
0.000762 669.253967
0.000767 669.486694
0.000731 669.719421
0.000800 669.952209
0.000888 670.184998
0.000797 670.417786
0.000723 670.650574
0.000854 670.883423
0.000921 671.116211
0.000890 671.349060
0.000952 671.581909
0.000970 671.814758
0.000923 672.047607
0.000991 672.280518
0.000961 672.513428
0.000829 672.746277
0.000652 672.979187
0.000663 673.212097
0.000616 673.445068
0.000752 673.677978
0.000952 673.910950
0.000720 674.143921
0.000816 674.376892
0.000830 674.609863
0.000686 674.842834
0.000517 675.075867
0.000452 675.308838
0.000557 675.541870
0.000519 675.774902
0.000399 676.007935
0.000481 676.241028
0.000404 676.474060
0.000312 676.707153
0.000044 676.940247
0.000159 677.173340
0.000391 677.406433
0.000139 677.639587
0.000196 677.872681
0.000150 678.105835
0.000137 678.338989
0.000013 678.572144
0.000000 678.805298
0.000000 679.038513
0.000000 679.271668
0.000000 679.504883
0.000000 679.738098
0.000000 679.971313
0.000000 680.204529
0.000000 680.437805
0.000000 680.671021
0.000000 680.904297
0.000000 681.137573
0.000000 681.370850
0.000000 681.604126
0.000000 681.837463
0.000012 682.070740
0.000070 682.304077
0.000000 682.537415
0.000035 682.770752
0.000214 683.004150
0.000229 683.237488
0.000098 683.470886
0.000300 683.704224
0.000472 683.937622
0.000523 684.171082
0.000640 684.404480
0.000855 684.637878
0.000931 684.871338
0.000881 685.104797
0.001032 685.338257
0.000946 685.571716
0.000832 685.805176
0.000681 686.038696
0.000702 686.272156
0.000670 686.505676
0.000577 686.739197
0.000435 686.972717
0.000561 687.206299
0.000503 687.439819
0.000325 687.673401
0.000271 687.906982
0.000000 688.140564
0.000228 688.374146
0.000248 688.607727
0.000330 688.841370
0.000367 689.074951
0.000467 689.308594
0.000401 689.542236
0.000309 689.775879
0.000215 690.009582
0.000100 690.243225
0.000029 690.476929
0.000000 690.710632
0.000000 690.944336
0.000000 691.178040
0.000000 691.411743
0.000000 691.645447
0.000000 691.879211
0.000000 692.112976
0.000000 692.346741
0.000000 692.580505
0.000000 692.814270
0.000000 693.048096
0.000000 693.281921
0.000000 693.515686
0.000000 693.749512
0.000033 693.983398
0.000077 694.217224
0.000047 694.451050
0.000126 694.684937
0.000548 694.918823
0.000560 695.152710
0.000602 695.386597
0.000631 695.620483
0.000596 695.854431
0.000708 696.088318
0.000506 696.322266
0.000514 696.556213
0.000611 696.790161
0.000420 697.024109
0.000358 697.258118
0.000423 697.492127
0.000632 697.726074
0.000684 697.960083
0.000630 698.194092
0.000662 698.428162
0.000551 698.662170
0.000333 698.896240
0.000312 699.130310
0.000307 699.364319
0.000219 699.598450
0.000344 699.832519
