0.455196 0.228054 0.145746 0.103210 300.000000
0.466890 0.234193 0.149943 0.106077 301.000000
0.478390 0.240243 0.154156 0.108978 302.000000
0.489694 0.246194 0.158377 0.111912 303.000000
0.500799 0.252035 0.162603 0.114878 304.000000
0.511710 0.257755 0.166827 0.117874 305.000000
0.522430 0.263345 0.171044 0.120898 306.000000
0.532967 0.268795 0.175247 0.123949 307.000000
0.543332 0.274096 0.179431 0.127025 308.000000
0.553536 0.279243 0.183590 0.130124 309.000000
0.563594 0.284229 0.187718 0.133243 310.000000
0.573522 0.289048 0.191807 0.136381 311.000000
0.583337 0.293696 0.195853 0.139536 312.000000
0.593057 0.298172 0.199849 0.142704 313.000000
0.602703 0.302472 0.203789 0.145885 314.000000
0.612295 0.306597 0.207667 0.149075 315.000000
0.621851 0.310547 0.211476 0.152273 316.000000
0.631393 0.314326 0.215210 0.155475 317.000000
0.640941 0.317936 0.218864 0.158679 318.000000
0.650512 0.321382 0.222431 0.161883 319.000000
0.660124 0.324671 0.225907 0.165083 320.000000
0.669795 0.327811 0.229284 0.168278 321.000000
0.679538 0.330810 0.232559 0.171464 322.000000
0.689367 0.333679 0.235725 0.174639 323.000000
0.699292 0.336429 0.238778 0.177799 324.000000
0.709322 0.339073 0.241713 0.180943 325.000000
0.719462 0.341624 0.244525 0.184066 326.000000
0.729717 0.344097 0.247210 0.187167 327.000000
0.740086 0.346509 0.249764 0.190242 328.000000
0.750569 0.348876 0.252184 0.193288 329.000000
0.761159 0.351215 0.254466 0.196302 330.000000
0.771849 0.353544 0.256607 0.199282 331.000000
0.782629 0.355884 0.258604 0.202224 332.000000
0.793484 0.358252 0.260456 0.205125 333.000000
0.804399 0.360669 0.262159 0.207983 334.000000
0.815355 0.363154 0.263714 0.210794 335.000000
0.826330 0.365729 0.265117 0.213557 336.000000
0.837299 0.368413 0.266370 0.216267 337.000000
0.848237 0.371226 0.267471 0.218921 338.000000
0.859115 0.374189 0.268421 0.221518 339.000000
0.869900 0.377320 0.269220 0.224055 340.000000
0.880561 0.380640 0.269869 0.226528 341.000000
0.891062 0.384168 0.270370 0.228935 342.000000
0.901367 0.387920 0.270724 0.231273 343.000000
0.911436 0.391914 0.270935 0.233540 344.000000
0.921231 0.396167 0.271004 0.235734 345.000000
0.930709 0.400695 0.270934 0.237851 346.000000
0.939830 0.405510 0.270731 0.239890 347.000000
0.948548 0.410627 0.270397 0.241849 348.000000
0.956820 0.416058 0.269937 0.243724 349.000000
0.964601 0.421812 0.269356 0.245515 350.000000
0.971844 0.427900 0.268659 0.247219 351.000000
0.978504 0.434328 0.267853 0.248835 352.000000
0.984535 0.441103 0.266943 0.250360 353.000000
0.989889 0.448231 0.265936 0.251792 354.000000
0.994520 0.455713 0.264838 0.253132 355.000000
0.998381 0.463552 0.263658 0.254376 356.000000
1.001426 0.471748 0.262402 0.255524 357.000000
1.003609 0.480298 0.261078 0.256575 358.000000
1.004886 0.489201 0.259695 0.257527 359.000000
1.005212 0.498451 0.258261 0.258380 360.000000
1.004545 0.508041 0.256785 0.259132 361.000000
1.002843 0.517965 0.255275 0.259784 362.000000
1.000066 0.528212 0.253742 0.260335 363.000000
0.996176 0.538772 0.252194 0.260783 364.000000
0.991139 0.549633 0.250642 0.261130 365.000000
0.984921 0.560782 0.249094 0.261375 366.000000
0.977492 0.572203 0.247561 0.261518 367.000000
0.968825 0.583881 0.246054 0.261560 368.000000
0.958897 0.595799 0.244581 0.261500 369.000000
0.947690 0.607938 0.243154 0.261339 370.000000
0.935188 0.620280 0.241782 0.261078 371.000000
0.921382 0.632804 0.240476 0.260717 372.000000
0.906269 0.645489 0.239247 0.260258 373.000000
0.889850 0.658314 0.238105 0.259702 374.000000
0.872134 0.671257 0.237059 0.259049 375.000000
0.853137 0.684294 0.236121 0.258301 376.000000
0.832884 0.697402 0.235300 0.257461 377.000000
0.811406 0.710556 0.234608 0.256528 378.000000
0.788747 0.723733 0.234052 0.255505 379.000000
0.764957 0.736907 0.233645 0.254395 380.000000
0.740100 0.750053 0.233394 0.253198 381.000000
0.714250 0.763146 0.233310 0.251918 382.000000
0.687492 0.776159 0.233402 0.250556 383.000000
0.659923 0.789067 0.233680 0.249115 384.000000
0.631654 0.801844 0.234151 0.247597 385.000000
0.602804 0.814463 0.234825 0.246006 386.000000
0.573506 0.826898 0.235710 0.244343 387.000000
0.543901 0.839122 0.236814 0.242613 388.000000
0.514140 0.851109 0.238145 0.240816 389.000000
0.484379 0.862833 0.239710 0.238958 390.000000
0.454777 0.874267 0.241516 0.237041 391.000000
0.425497 0.885383 0.243570 0.235068 392.000000
0.396697 0.896156 0.245878 0.233043 393.000000
0.368532 0.906559 0.248447 0.230969 394.000000
0.341146 0.916565 0.251281 0.228849 395.000000
0.314673 0.926148 0.254386 0.226688 396.000000
0.289233 0.935280 0.257767 0.224489 397.000000
0.264927 0.943937 0.261428 0.222256 398.000000
0.241839 0.952090 0.265372 0.219992 399.000000
0.220032 0.959715 0.269602 0.217702 400.000000
0.199551 0.966785 0.274123 0.215389 401.000000
0.180419 0.973274 0.278935 0.213058 402.000000
0.162641 0.979156 0.284041 0.210712 403.000000
0.146204 0.984408 0.289443 0.208355 404.000000
0.131082 0.989003 0.295140 0.205993 405.000000
0.117232 0.992918 0.301133 0.203628 406.000000
0.104603 0.996129 0.307422 0.201265 407.000000
0.093134 0.998613 0.314007 0.198909 408.000000
0.082758 1.000349 0.320885 0.196563 409.000000
0.073405 1.001315 0.328054 0.194232 410.000000
0.065002 1.001492 0.335514 0.191920 411.000000
0.057474 1.000862 0.343259 0.189631 412.000000
0.050750 0.999406 0.351288 0.187369 413.000000
0.044759 0.997110 0.359595 0.185140 414.000000
0.039433 0.993961 0.368177 0.182946 415.000000
0.034709 0.989945 0.377028 0.180793 416.000000
0.030526 0.985055 0.386142 0.178685 417.000000
0.026828 0.979283 0.395513 0.176626 418.000000
0.023565 0.972624 0.405135 0.174619 419.000000
0.020688 0.965077 0.415001 0.172670 420.000000
0.018155 0.956641 0.425102 0.170783 421.000000
0.015928 0.947321 0.435430 0.168962 422.000000
0.013970 0.937124 0.445977 0.167210 423.000000
0.012251 0.926058 0.456734 0.165533 424.000000
0.010743 0.914138 0.467691 0.163934 425.000000
0.009420 0.901380 0.478839 0.162417 426.000000
0.008260 0.887803 0.490166 0.160986 427.000000
0.007243 0.873429 0.501663 0.159646 428.000000
0.006352 0.858285 0.513317 0.158400 429.000000
0.005572 0.842399 0.525119 0.157252 430.000000
0.004888 0.825804 0.537055 0.156206 431.000000
0.004290 0.808535 0.549114 0.155267 432.000000
0.003765 0.790628 0.561283 0.154436 433.000000
0.003306 0.772125 0.573550 0.153720 434.000000
0.002903 0.753067 0.585903 0.153120 435.000000
0.002551 0.733500 0.598327 0.152641 436.000000
0.002242 0.713470 0.610809 0.152286 437.000000
0.001971 0.693025 0.623337 0.152060 438.000000
0.001733 0.672215 0.635897 0.151964 439.000000
0.001525 0.651092 0.648473 0.152004 440.000000
0.001342 0.629707 0.661054 0.152181 441.000000
0.001182 0.608113 0.673624 0.152500 442.000000
0.001041 0.586363 0.686170 0.152963 443.000000
0.000918 0.564512 0.698677 0.153574 444.000000
0.000809 0.542613 0.711131 0.154336 445.000000
0.000714 0.520720 0.723518 0.155251 446.000000
0.000630 0.498886 0.735823 0.156324 447.000000
0.000556 0.477164 0.748031 0.157556 448.000000
0.000491 0.455606 0.760128 0.158950 449.000000
0.000434 0.434263 0.772100 0.160510 450.000000
0.000384 0.413186 0.783932 0.162237 451.000000
0.000340 0.392422 0.795609 0.164134 452.000000
0.000301 0.372018 0.807116 0.166204 453.000000
0.000266 0.352019 0.818440 0.168449 454.000000
0.000236 0.332467 0.829564 0.170871 455.000000
0.000209 0.313403 0.840475 0.173472 456.000000
0.000185 0.294864 0.851158 0.176255 457.000000
0.000164 0.276882 0.861598 0.179221 458.000000
0.000146 0.259491 0.871780 0.182371 459.000000
0.000130 0.242715 0.881690 0.185709 460.000000
0.000115 0.226580 0.891312 0.189235 461.000000
0.000102 0.211103 0.900631 0.192950 462.000000
0.000091 0.196301 0.909634 0.196857 463.000000
0.000081 0.182184 0.918305 0.200955 464.000000
0.000072 0.168760 0.926629 0.205247 465.000000
0.000064 0.156030 0.934591 0.209733 466.000000
0.000057 0.143993 0.942177 0.214413 467.000000
0.000051 0.132643 0.949372 0.219289 468.000000
0.000046 0.121972 0.956161 0.224360 469.000000
0.000041 0.111966 0.962529 0.229627 470.000000
0.000036 0.102609 0.968462 0.235091 471.000000
0.000032 0.093882 0.973945 0.240749 472.000000
0.000029 0.085763 0.978965 0.246604 473.000000
0.000026 0.078231 0.983507 0.252653 474.000000
0.000023 0.071258 0.987556 0.258897 475.000000
0.000021 0.064818 0.991101 0.265334 476.000000
0.000019 0.058885 0.994127 0.271964 477.000000
0.000017 0.053430 0.996622 0.278784 478.000000
0.000015 0.048425 0.998573 0.285794 479.000000
0.000013 0.043842 0.999968 0.292993 480.000000
0.000012 0.039652 1.000797 0.300377 481.000000
0.000011 0.035830 1.001048 0.307945 482.000000
0.000010 0.032349 1.000712 0.315694 483.000000
0.000009 0.029183 0.999780 0.323623 484.000000
0.000008 0.026307 0.998244 0.331728 485.000000
0.000007 0.023699 0.996096 0.340006 486.000000
0.000006 0.021337 0.993331 0.348454 487.000000
0.000006 0.019201 0.989943 0.357069 488.000000
0.000005 0.017269 0.985929 0.365846 489.000000
0.000005 0.015526 0.981287 0.374783 490.000000
0.000004 0.013953 0.976016 0.383874 491.000000
0.000004 0.012536 0.970116 0.393116 492.000000
0.000003 0.011259 0.963590 0.402505 493.000000
0.000003 0.010110 0.956440 0.412034 494.000000
0.000003 0.009077 0.948673 0.421700 495.000000
0.000002 0.008148 0.940295 0.431497 496.000000
0.000002 0.007313 0.931316 0.441419 497.000000
0.000002 0.006563 0.921745 0.451462 498.000000
0.000002 0.005890 0.911595 0.461619 499.000000
0.000002 0.005286 0.900879 0.471885 500.000000
0.000001 0.004744 0.889614 0.482253 501.000000
0.000001 0.004258 0.877816 0.492717 502.000000
0.000001 0.003822 0.865505 0.503271 503.000000
0.000001 0.003430 0.852701 0.513907 504.000000
0.000001 0.003080 0.839426 0.524620 505.000000
0.000001 0.002765 0.825703 0.535402 506.000000
0.000001 0.002483 0.811557 0.546246 507.000000
0.000001 0.002230 0.797013 0.557145 508.000000
0.000001 0.002003 0.782100 0.568091 509.000000
0.000001 0.001800 0.766843 0.579077 510.000000
0.000001 0.001618 0.751272 0.590096 511.000000
0.000001 0.001454 0.735415 0.601139 512.000000
0.000000 0.001307 0.719303 0.612199 513.000000
0.000000 0.001176 0.702965 0.623269 514.000000
0.000000 0.001058 0.686431 0.634339 515.000000
0.000000 0.000952 0.669732 0.645403 516.000000
0.000000 0.000856 0.652896 0.656451 517.000000
0.000000 0.000771 0.635955 0.667476 518.000000
0.000000 0.000694 0.618937 0.678470 519.000000
0.000000 0.000625 0.601871 0.689424 520.000000
0.000000 0.000564 0.584785 0.700330 521.000000
0.000000 0.000508 0.567707 0.711179 522.000000
0.000000 0.000458 0.550663 0.721963 523.000000
0.000000 0.000413 0.533679 0.732674 524.000000
0.000000 0.000373 0.516779 0.743303 525.000000
0.000000 0.000336 0.499988 0.753841 526.000000
0.000000 0.000304 0.483328 0.764280 527.000000
0.000000 0.000274 0.466820 0.774612 528.000000
0.000000 0.000248 0.450486 0.784827 529.000000
0.000000 0.000224 0.434343 0.794917 530.000000
0.000000 0.000202 0.418411 0.804873 531.000000
0.000000 0.000183 0.402706 0.814688 532.000000
0.000000 0.000166 0.387244 0.824351 533.000000
0.000000 0.000150 0.372040 0.833854 534.000000
0.000000 0.000136 0.357107 0.843188 535.000000
0.000000 0.000123 0.342458 0.852345 536.000000
0.000000 0.000111 0.328105 0.861316 537.000000
0.000000 0.000101 0.314058 0.870092 538.000000
0.000000 0.000091 0.300326 0.878664 539.000000
0.000000 0.000083 0.286919 0.887023 540.000000
0.000000 0.000075 0.273843 0.895160 541.000000
0.000000 0.000068 0.261106 0.903067 542.000000
0.000000 0.000062 0.248714 0.910734 543.000000
0.000000 0.000056 0.236671 0.918152 544.000000
0.000000 0.000051 0.224983 0.925313 545.000000
0.000000 0.000046 0.213652 0.932207 546.000000
0.000000 0.000042 0.202682 0.938826 547.000000
0.000000 0.000038 0.192073 0.945161 548.000000
0.000000 0.000035 0.181829 0.951202 549.000000
0.000000 0.000032 0.171948 0.956941 550.000000
0.000000 0.000029 0.162430 0.962368 551.000000
0.000000 0.000026 0.153276 0.967476 552.000000
0.000000 0.000024 0.144482 0.972255 553.000000
0.000000 0.000022 0.136046 0.976696 554.000000
0.000000 0.000020 0.127965 0.980792 555.000000
0.000000 0.000018 0.120235 0.984533 556.000000
0.000000 0.000016 0.112851 0.987911 557.000000
0.000000 0.000015 0.105808 0.990918 558.000000
0.000000 0.000014 0.099100 0.993546 559.000000
0.000000 0.000013 0.092721 0.995786 560.000000
0.000000 0.000011 0.086663 0.997633 561.000000
0.000000 0.000010 0.080918 0.999077 562.000000
0.000000 0.000010 0.075478 1.000113 563.000000
0.000000 0.000009 0.070335 1.000733 564.000000
0.000000 0.000008 0.065479 1.000931 565.000000
0.000000 0.000007 0.060901 1.000702 566.000000
0.000000 0.000007 0.056591 1.000039 567.000000
0.000000 0.000006 0.052539 0.998937 568.000000
0.000000 0.000006 0.048735 0.997393 569.000000
0.000000 0.000005 0.045168 0.995403 570.000000
0.000000 0.000005 0.041828 0.992962 571.000000
0.000000 0.000004 0.038705 0.990068 572.000000
0.000000 0.000004 0.035789 0.986719 573.000000
0.000000 0.000004 0.033068 0.982914 574.000000
0.000000 0.000003 0.030533 0.978652 575.000000
0.000000 0.000003 0.028174 0.973934 576.000000
0.000000 0.000003 0.025981 0.968759 577.000000
0.000000 0.000003 0.023944 0.963130 578.000000
0.000000 0.000002 0.022055 0.957050 579.000000
0.000000 0.000002 0.020304 0.950522 580.000000
0.000000 0.000002 0.018683 0.943551 581.000000
0.000000 0.000002 0.017184 0.936141 582.000000
0.000000 0.000002 0.015797 0.928299 583.000000
0.000000 0.000002 0.014517 0.920033 584.000000
0.000000 0.000001 0.013336 0.911350 585.000000
0.000000 0.000001 0.012246 0.902259 586.000000
0.000000 0.000001 0.011242 0.892770 587.000000
0.000000 0.000001 0.010318 0.882894 588.000000
0.000000 0.000001 0.009467 0.872643 589.000000
0.000000 0.000001 0.008684 0.862029 590.000000
0.000000 0.000001 0.007964 0.851065 591.000000
0.000000 0.000001 0.007302 0.839766 592.000000
0.000000 0.000001 0.006695 0.828146 593.000000
0.000000 0.000001 0.006137 0.816220 594.000000
0.000000 0.000001 0.005625 0.804005 595.000000
0.000000 0.000001 0.005155 0.791518 596.000000
0.000000 0.000001 0.004724 0.778774 597.000000
0.000000 0.000000 0.004328 0.765793 598.000000
0.000000 0.000000 0.003966 0.752592 599.000000
0.000000 0.000000 0.003634 0.739188 600.000000
0.000000 0.000000 0.003330 0.725601 601.000000
0.000000 0.000000 0.003051 0.711849 602.000000
0.000000 0.000000 0.002795 0.697951 603.000000
0.000000 0.000000 0.002561 0.683925 604.000000
0.000000 0.000000 0.002347 0.669790 605.000000
0.000000 0.000000 0.002151 0.655565 606.000000
0.000000 0.000000 0.001971 0.641267 607.000000
0.000000 0.000000 0.001807 0.626916 608.000000
0.000000 0.000000 0.001656 0.612529 609.000000
0.000000 0.000000 0.001518 0.598123 610.000000
0.000000 0.000000 0.001392 0.583715 611.000000
0.000000 0.000000 0.001276 0.569323 612.000000
0.000000 0.000000 0.001170 0.554961 613.000000
0.000000 0.000000 0.001073 0.540647 614.000000
0.000000 0.000000 0.000985 0.526395 615.000000
0.000000 0.000000 0.000903 0.512219 616.000000
0.000000 0.000000 0.000829 0.498133 617.000000
0.000000 0.000000 0.000761 0.484151 618.000000
0.000000 0.000000 0.000698 0.470285 619.000000
0.000000 0.000000 0.000641 0.456548 620.000000
0.000000 0.000000 0.000589 0.442951 621.000000
0.000000 0.000000 0.000540 0.429503 622.000000
0.000000 0.000000 0.000496 0.416217 623.000000
0.000000 0.000000 0.000456 0.403100 624.000000
0.000000 0.000000 0.000419 0.390162 625.000000
0.000000 0.000000 0.000385 0.377411 626.000000
0.000000 0.000000 0.000354 0.364855 627.000000
0.000000 0.000000 0.000326 0.352500 628.000000
0.000000 0.000000 0.000299 0.340354 629.000000
0.000000 0.000000 0.000275 0.328422 630.000000
0.000000 0.000000 0.000253 0.316709 631.000000
0.000000 0.000000 0.000233 0.305221 632.000000
0.000000 0.000000 0.000215 0.293962 633.000000
0.000000 0.000000 0.000197 0.282935 634.000000
0.000000 0.000000 0.000182 0.272145 635.000000
0.000000 0.000000 0.000167 0.261594 636.000000
0.000000 0.000000 0.000154 0.251285 637.000000
0.000000 0.000000 0.000142 0.241221 638.000000
0.000000 0.000000 0.000131 0.231403 639.000000
0.000000 0.000000 0.000121 0.221832 640.000000
0.000000 0.000000 0.000111 0.212511 641.000000
0.000000 0.000000 0.000103 0.203439 642.000000
0.000000 0.000000 0.000095 0.194618 643.000000
0.000000 0.000000 0.000087 0.186047 644.000000
0.000000 0.000000 0.000081 0.177726 645.000000
0.000000 0.000000 0.000074 0.169655 646.000000
0.000000 0.000000 0.000069 0.161833 647.000000
0.000000 0.000000 0.000063 0.154260 648.000000
0.000000 0.000000 0.000059 0.146932 649.000000
0.000000 0.000000 0.000054 0.139850 650.000000
0.000000 0.000000 0.000050 0.133011 651.000000
0.000000 0.000000 0.000046 0.126413 652.000000
0.000000 0.000000 0.000043 0.120053 653.000000
0.000000 0.000000 0.000040 0.113929 654.000000
0.000000 0.000000 0.000037 0.108037 655.000000
0.000000 0.000000 0.000034 0.102375 656.000000
0.000000 0.000000 0.000031 0.096937 657.000000
0.000000 0.000000 0.000029 0.091722 658.000000
0.000000 0.000000 0.000027 0.086724 659.000000
0.000000 0.000000 0.000025 0.081940 660.000000
0.000000 0.000000 0.000023 0.077364 661.000000
0.000000 0.000000 0.000021 0.072992 662.000000
0.000000 0.000000 0.000020 0.068820 663.000000
0.000000 0.000000 0.000018 0.064841 664.000000
0.000000 0.000000 0.000017 0.061052 665.000000
0.000000 0.000000 0.000016 0.057445 666.000000
0.000000 0.000000 0.000015 0.054017 667.000000
0.000000 0.000000 0.000014 0.050761 668.000000
0.000000 0.000000 0.000013 0.047671 669.000000
0.000000 0.000000 0.000012 0.044742 670.000000
0.000000 0.000000 0.000011 0.041969 671.000000
0.000000 0.000000 0.000010 0.039344 672.000000
0.000000 0.000000 0.000009 0.036863 673.000000
0.000000 0.000000 0.000009 0.034520 674.000000
0.000000 0.000000 0.000008 0.032309 675.000000
0.000000 0.000000 0.000007 0.030224 676.000000
0.000000 0.000000 0.000007 0.028260 677.000000
0.000000 0.000000 0.000006 0.026411 678.000000
0.000000 0.000000 0.000006 0.024672 679.000000
0.000000 0.000000 0.000006 0.023038 680.000000
0.000000 0.000000 0.000005 0.021503 681.000000
0.000000 0.000000 0.000005 0.020062 682.000000
0.000000 0.000000 0.000004 0.018711 683.000000
0.000000 0.000000 0.000004 0.017445 684.000000
0.000000 0.000000 0.000004 0.016259 685.000000
0.000000 0.000000 0.000004 0.015149 686.000000
0.000000 0.000000 0.000003 0.014110 687.000000
0.000000 0.000000 0.000003 0.013139 688.000000
0.000000 0.000000 0.000003 0.012231 689.000000
0.000000 0.000000 0.000003 0.011384 690.000000
0.000000 0.000000 0.000003 0.010592 691.000000
0.000000 0.000000 0.000002 0.009854 692.000000
0.000000 0.000000 0.000002 0.009165 693.000000
0.000000 0.000000 0.000002 0.008523 694.000000
0.000000 0.000000 0.000002 0.007924 695.000000
0.000000 0.000000 0.000002 0.007366 696.000000
0.000000 0.000000 0.000002 0.006847 697.000000
0.000000 0.000000 0.000002 0.006364 698.000000
0.000000 0.000000 0.000001 0.005914 699.000000
