0	339.60001
0	339.9339
0	340.26782
0	340.60172
0	340.93561
0	341.26953
0	341.60342
0	341.93732
0	342.27124
0	342.60513
0	342.93903
0	343.27295
0	343.60684
0	343.94073
0	344.27466
0	344.60855
0	344.94244
0	345.27637
0	345.61026
0	345.94415
0	346.27808
0	346.61197
0	346.94589
0	347.27979
9.9712238e-10	347.61368
3.5223846e-10	347.9476
3.1408856e-10	348.28149
3.3746159e-10	348.61539
3.125892e-10	348.94931
3.1127115e-10	349.2832
3.3188444e-10	349.6171
3.1436942e-10	349.95102
3.4283454e-10	350.28491
3.245843e-10	350.6188
3.228674e-10	350.95273
3.1505409e-10	351.28662
2.8281269e-10	351.62051
2.9117694e-10	351.95444
2.6822866e-10	352.28833
2.7630992e-10	352.62222
2.8269093e-10	352.95615
3.0279992e-10	353.29004
2.8171443e-10	353.62393
2.8716513e-10	353.95786
3.0175329e-10	354.29175
2.6009347e-10	354.62564
2.820903e-10	354.95956
2.6733171e-10	355.29346
2.8112696e-10	355.62735
2.8010391e-10	355.96127
2.4953328e-10	356.29517
2.4005647e-10	356.62906
2.3431232e-10	356.96298
2.8478464e-10	357.29688
2.4125399e-10	357.63077
2.478226e-10	357.96469
2.638694e-10	358.29858
2.4954697e-10	358.63248
2.3664429e-10	358.9664
2.6760061e-10	359.30029
2.4808536e-10	359.63422
2.4969959e-10	359.96811
2.4616689e-10	360.302
2.1283744e-10	360.63593
2.3760982e-10	360.96982
2.4527011e-10	361.30371
2.580601e-10	361.63763
2.4405628e-10	361.97153
2.4514382e-10	362.30542
2.3776175e-10	362.63934
2.3070218e-10	362.97324
2.1863841e-10	363.30713
2.1261695e-10	363.64105
2.2848433e-10	363.97495
2.3720517e-10	364.30884
2.1475664e-10	364.64276
2.2082156e-10	364.97665
2.3016013e-10	365.31055
2.1410412e-10	365.64447
2.2994499e-10	365.97836
2.2832139e-10	366.31226
2.2226157e-10	366.64618
2.206631e-10	366.98007
2.008457e-10	367.31396
2.1072692e-10	367.64789
2.2130216e-10	367.98178
2.0317943e-10	368.31567
2.1035294e-10	368.6496
2.0761459e-10	368.98349
2.1573029e-10	369.31738
2.137974e-10	369.65131
2.0262633e-10	369.9852
1.9287444e-10	370.31909
2.0280293e-10	370.65302
2.0737484e-10	370.98691
2.0494019e-10	371.3208
1.9433544e-10	371.65472
1.8889046e-10	371.98862
1.9909606e-10	372.32254
1.9249004e-10	372.65643
1.9295378e-10	372.99033
1.8824552e-10	373.32425
1.868362e-10	373.65814
1.8644353e-10	373.99203
1.9253772e-10	374.32596
1.9158994e-10	374.65985
1.7775251e-10	374.99374
1.7633839e-10	375.32767
1.7499147e-10	375.66156
1.7018614e-10	375.99545
1.7891333e-10	376.32938
1.7634859e-10	376.66327
1.7533229e-10	376.99716
1.7022291e-10	377.33109
1.7415844e-10	377.66498
1.7344015e-10	377.99887
1.6360928e-10	378.33279
1.6467358e-10	378.66669
1.6377777e-10	379.00058
1.6235374e-10	379.3345
1.5514015e-10	379.6684
1.6347215e-10	380.00229
1.6500756e-10	380.33621
1.5680195e-10	380.6701
1.5713436e-10	381.004
1.5800766e-10	381.33792
1.5283756e-10	381.67181
1.5460756e-10	382.00571
1.5119024e-10	382.33963
1.5437877e-10	382.67352
1.4432569e-10	383.00742
1.5048549e-10	383.34134
1.5723348e-10	383.67523
1.49786e-10	384.00912
1.4193027e-10	384.34305
1.4508829e-10	384.67694
1.445935e-10	385.01086
1.4114565e-10	385.34476
1.4018141e-10	385.67865
1.457818e-10	386.01257
1.4285044e-10	386.34647
1.4336377e-10	386.68036
1.3856169e-10	387.01428
1.4215581e-10	387.34818
1.3818437e-10	387.68207
1.3437113e-10	388.01599
1.3323782e-10	388.34988
1.3177986e-10	388.68378
1.4002061e-10	389.0177
1.3616437e-10	389.35159
1.3838659e-10	389.68549
1.3483163e-10	390.01941
1.2539955e-10	390.3533
1.3131815e-10	390.68719
1.2719588e-10	391.02112
1.2098526e-10	391.35501
1.3674538e-10	391.6889
1.3105758e-10	392.02283
1.2583819e-10	392.35672
1.2561478e-10	392.69061
1.2512785e-10	393.02454
1.2177655e-10	393.35843
1.273007e-10	393.69232
1.2469337e-10	394.02625
1.2056384e-10	394.36014
1.1942644e-10	394.69403
1.262372e-10	395.02795
1.1967385e-10	395.36185
1.2446326e-10	395.69574
1.1853143e-10	396.02966
1.2779779e-10	396.36356
1.2412073e-10	396.69745
1.2112657e-10	397.03137
1.1258097e-10	397.36526
1.1727018e-10	397.69919
1.1598116e-10	398.03308
1.1606226e-10	398.36697
1.1791169e-10	398.7009
1.1584553e-10	399.03479
1.1546483e-10	399.36868
1.1733815e-10	399.70261
1.1971377e-10	400.0365
1.1783866e-10	400.37039
1.0971018e-10	400.70432
1.1018407e-10	401.03821
1.120839e-10	401.3721
1.070555e-10	401.70602
1.0587789e-10	402.03992
1.1402322e-10	402.37381
1.1139219e-10	402.70773
1.0500006e-10	403.04163
1.0799118e-10	403.37552
1.0637997e-10	403.70944
1.0688634e-10	404.04333
1.0882671e-10	404.37723
1.11161e-10	404.71115
1.0715384e-10	405.04504
1.0597947e-10	405.37894
1.0544507e-10	405.71286
1.0124965e-10	406.04675
9.9032268e-11	406.38065
1.0625434e-10	406.71457
1.0001697e-10	407.04846
1.0551687e-10	407.38235
1.0006995e-10	407.71628
1.0733579e-10	408.05017
1.0101753e-10	408.38406
1.0174346e-10	408.71799
1.0232636e-10	409.05188
9.5607924e-11	409.38577
1.0503707e-10	409.7197
1.0380426e-10	410.05359
9.9222949e-11	410.38748
9.6859472e-11	410.72141
9.5355175e-11	411.0553
9.7968821e-11	411.38922
1.0336545e-10	411.72311
9.8579721e-11	412.05701
9.5052209e-11	412.39093
9.423038e-11	412.72482
9.661541e-11	413.05872
9.4277253e-11	413.39264
9.0576172e-11	413.72653
9.3792064e-11	414.06042
9.1412072e-11	414.39435
8.7193822e-11	414.72824
9.5131542e-11	415.06213
9.672961e-11	415.39606
9.2178175e-11	415.72995
9.2972338e-11	416.06384
8.7854939e-11	416.39777
9.7078227e-11	416.73166
8.5996314e-11	417.06555
7.9849349e-11	417.39948
8.6052068e-11	417.73337
9.2291626e-11	418.06726
8.9403179e-11	418.40118
9.2569265e-11	418.73508
9.2076763e-11	419.06897
9.374497e-11	419.40289
8.6659076e-11	419.73679
8.7835045e-11	420.07068
8.1688878e-11	420.4046
8.186888e-11	420.73849
8.269168e-11	421.07239
8.8503933e-11	421.40631
8.9235654e-11	421.7402
8.7172401e-11	422.0741
8.6470331e-11	422.40802
8.4209834e-11	422.74191
8.6021308e-11	423.07581
8.0866279e-11	423.40973
8.1566975e-11	423.74362
8.8192412e-11	424.07755
8.7078122e-11	424.41144
8.5963854e-11	424.74533
8.8114099e-11	425.07925
8.278022e-11	425.41315
8.1922615e-11	425.74704
8.6056703e-11	426.08096
7.9350172e-11	426.41486
8.4847081e-11	426.74875
8.3962129e-11	427.08267
8.100412e-11	427.41656
7.963645e-11	427.75046
7.7009774e-11	428.08438
8.2679814e-11	428.41827
7.5854274e-11	428.75217
7.5224778e-11	429.08609
7.8468704e-11	429.41998
7.7067672e-11	429.75388
7.6658853e-11	430.0878
7.0817366e-11	430.42169
7.7743943e-11	430.75558
7.5394031e-11	431.08951
7.3226883e-11	431.4234
7.0706857e-11	431.75729
7.9351088e-11	432.09122
7.3298645e-11	432.42511
7.0259187e-11	432.759
8.1324281e-11	433.09293
7.5065447e-11	433.42682
7.8818181e-11	433.76071
7.4122881e-11	434.09464
7.9070431e-11	434.42853
7.0369315e-11	434.76242
7.2564656e-11	435.09634
7.5741365e-11	435.43024
7.1838369e-11	435.76413
7.8185285e-11	436.09805
7.684578e-11	436.43195
6.8161685e-11	436.76587
7.4147744e-11	437.09976
7.9625355e-11	437.43365
8.0574297e-11	437.76758
7.9168699e-11	438.10147
7.8067712e-11	438.43536
7.1154846e-11	438.76929
7.6551002e-11	439.10318
7.4091615e-11	439.43707
7.1953894e-11	439.771
7.5270588e-11	440.10489
7.9471707e-11	440.43878
7.5361987e-11	440.77271
7.5558268e-11	441.1066
6.8840961e-11	441.44049
7.1852677e-11	441.77441
7.4487354e-11	442.10831
7.375902e-11	442.4422
7.7250192e-11	442.77612
8.060122e-11	443.11002
7.6701381e-11	443.44391
7.9288451e-11	443.77783
7.6310021e-11	444.11172
7.3472041e-11	444.44562
7.1613673e-11	444.77954
6.6012563e-11	445.11343
7.4419367e-11	445.44733
7.6175143e-11	445.78125
7.8671292e-11	446.11514
7.8475178e-11	446.44904
7.5876548e-11	446.78296
7.5935883e-11	447.11685
7.0440716e-11	447.45074
7.5741732e-11	447.78467
7.1111492e-11	448.11856
6.7722807e-11	448.45245
7.2380837e-11	448.78638
7.4081873e-11	449.12027
7.3688937e-11	449.45419
7.4947139e-11	449.78809
7.2828452e-11	450.12198
7.5095728e-11	450.4559
6.9804613e-11	450.78979
7.1065966e-11	451.12369
6.5332795e-11	451.45761
5.9836427e-11	451.7915
6.4142552e-11	452.1254
7.0634408e-11	452.45932
6.7031783e-11	452.79321
7.086251e-11	453.12711
6.9681018e-11	453.46103
6.4743773e-11	453.79492
6.1089127e-11	454.12881
6.5497975e-11	454.46274
6.4086798e-11	454.79663
6.6784626e-11	455.13052
6.5259881e-11	455.46445
6.5044838e-11	455.79834
5.8007477e-11	456.13223
5.9441861e-11	456.46616
6.1310186e-11	456.80005
6.2637097e-11	457.13394
6.2586471e-11	457.46786
5.6616434e-11	457.80176
5.3999746e-11	458.13565
5.4170442e-11	458.46957
6.0398464e-11	458.80347
5.7255922e-11	459.13736
5.6230753e-11	459.47128
5.6350188e-11	459.80518
5.8952475e-11	460.13907
5.5705683e-11	460.47299
5.3326673e-11	460.80688
5.0655161e-11	461.14078
5.1786964e-11	461.4747
5.2264089e-11	461.80859
5.1262033e-11	462.14252
5.0806703e-11	462.47641
5.227771e-11	462.8103
4.8892571e-11	463.14423
4.7000518e-11	463.47812
4.7664574e-11	463.81201
4.9155346e-11	464.14594
4.6407305e-11	464.47983
4.7142457e-11	464.81372
4.6067421e-11	465.14764
4.5794292e-11	465.48154
4.4054729e-11	465.81543
4.5246598e-11	466.14935
4.4014514e-11	466.48325
4.4467329e-11	466.81714
4.2672085e-11	467.15106
4.3787279e-11	467.48495
4.2954612e-11	467.81885
4.3067515e-11	468.15277
4.1188684e-11	468.48666
4.1334613e-11	468.82056
4.1498662e-11	469.15448
4.1510306e-11	469.48837
4.0948429e-11	469.82227
4.142009e-11	470.15619
4.1797593e-11	470.49008
4.1220343e-11	470.82397
4.0945115e-11	471.1579
3.9924192e-11	471.49179
3.9962648e-11	471.82568
3.9530129e-11	472.15961
3.845722e-11	472.4935
3.8712835e-11	472.82739
3.8582179e-11	473.16132
3.8233673e-11	473.49521
3.7784303e-11	473.8291
3.7809707e-11	474.16302
3.8075706e-11	474.49692
3.8329184e-11	474.83081
3.7589581e-11	475.16473
3.7587908e-11	475.49863
3.7539929e-11	475.83255
3.7546903e-11	476.16644
3.7088412e-11	476.50034
3.7186552e-11	476.83426
3.7488682e-11	477.16815
3.652036e-11	477.50204
3.6299422e-11	477.83597
3.6246832e-11	478.16986
3.6589599e-11	478.50375
3.6066448e-11	478.83768
3.6026727e-11	479.17157
3.6251325e-11	479.50546
3.6023688e-11	479.83939
3.7634784e-11	480.17328
3.664094e-11	480.50717
3.561932e-11	480.84109
3.5680549e-11	481.17499
3.5704779e-11	481.50888
3.5854552e-11	481.8428
3.5561686e-11	482.1767
3.5918778e-11	482.51059
3.5587706e-11	482.84451
3.5412031e-11	483.17841
3.5692872e-11	483.5123
3.5652009e-11	483.84622
3.6222747e-11	484.18011
3.5402677e-11	484.51401
3.5508329e-11	484.84793
3.529857e-11	485.18182
3.5461922e-11	485.51572
3.5494462e-11	485.84964
3.5264815e-11	486.18353
3.5428188e-11	486.51743
3.5644699e-11	486.85135
3.5438059e-11	487.18524
3.5294361e-11	487.51913
3.5186243e-11	487.85306
3.5913474e-11	488.18695
3.5856033e-11	488.52087
3.524574e-11	488.85477
3.5158473e-11	489.18866
3.5318311e-11	489.52258
3.5229767e-11	489.85648
3.5156614e-11	490.19037
3.4978818e-11	490.52429
3.5405151e-11	490.85818
3.5606722e-11	491.19208
3.5049835e-11	491.526
3.5558254e-11	491.85989
3.5127446e-11	492.19379
3.5365377e-11	492.52771
3.6176995e-11	492.8616
3.5935546e-11	493.1955
3.5537542e-11	493.52942
3.53289e-11	493.86331
3.5457234e-11	494.1972
3.534515e-11	494.53113
3.5235887e-11	494.86502
3.5492505e-11	495.19891
3.5587446e-11	495.53284
3.5671244e-11	495.86673
3.5610698e-11	496.20062
3.572358e-11	496.53455
3.5602892e-11	496.86844
3.6041344e-11	497.20233
3.5753775e-11	497.53625
3.5790752e-11	497.87015
3.6321526e-11	498.20404
3.625639e-11	498.53796
3.5685812e-11	498.87186
3.5986755e-11	499.20575
3.5968326e-11	499.53967
3.5869054e-11	499.87357
3.6235119e-11	500.20746
3.6058587e-11	500.54138
3.6035321e-11	500.87527
3.6397645e-11	501.2092
3.6254139e-11	501.54309
3.6320995e-11	501.87698
3.6308592e-11	502.21091
3.6849572e-11	502.5448
3.636786e-11	502.87869
3.6874077e-11	503.21262
3.6587875e-11	503.54651
3.6773688e-11	503.8804
3.6653427e-11	504.21432
3.6823117e-11	504.54822
3.7115522e-11	504.88211
3.7298272e-11	505.21603
3.7143018e-11	505.54993
3.6927111e-11	505.88382
3.758643e-11	506.21774
3.746092e-11	506.55164
3.7345661e-11	506.88553
3.7581216e-11	507.21945
3.7765145e-11	507.55334
3.7362013e-11	507.88724
3.8016829e-11	508.22116
3.7989358e-11	508.55505
3.8148762e-11	508.88895
3.8152325e-11	509.22287
3.8090094e-11	509.55676
3.8342614e-11	509.89066
3.8527043e-11	510.22458
3.8951883e-11	510.55847
3.8482873e-11	510.89236
3.8585968e-11	511.22629
3.9138963e-11	511.56018
3.8842977e-11	511.89407
3.8862132e-11	512.22797
3.9152452e-11	512.56189
3.9084781e-11	512.89581
3.9386983e-11	513.22968
3.9391809e-11	513.5636
3.9670663e-11	513.89752
3.9541627e-11	514.23138
3.9433685e-11	514.56531
3.9394234e-11	514.89923
3.9776314e-11	515.23309
4.0201668e-11	515.56702
3.9746373e-11	515.90094
3.99481e-11	516.2348
3.9864029e-11	516.56873
4.0001825e-11	516.90265
4.0060975e-11	517.23651
3.9564716e-11	517.57043
4.0227328e-11	517.90436
4.03075e-11	518.23822
3.9774919e-11	518.57214
4.0089942e-11	518.90607
3.9554877e-11	519.23993
4.0052465e-11	519.57385
4.0108108e-11	519.90778
3.9443133e-11	520.2417
3.9816258e-11	520.57556
4.0202369e-11	520.90948
3.9487077e-11	521.24341
3.9706873e-11	521.57727
4.0186351e-11	521.91119
3.9346505e-11	522.24512
3.9879152e-11	522.57898
3.9894268e-11	522.9129
4.007103e-11	523.24683
3.9512629e-11	523.58069
3.9679995e-11	523.91461
3.9184191e-11	524.24854
3.9522625e-11	524.5824
3.9275905e-11	524.91632
3.9131191e-11	525.25024
3.9093052e-11	525.58411
3.8972377e-11	525.91803
3.9348039e-11	526.25195
3.9038446e-11	526.58582
3.888791e-11	526.91974
3.8678307e-11	527.25366
3.9019853e-11	527.58752
3.8714421e-11	527.92145
3.8848418e-11	528.25537
3.8813959e-11	528.58923
3.8820148e-11	528.92316
3.8855801e-11	529.25708
3.847812e-11	529.59094
3.847269e-11	529.92487
3.856759e-11	530.25879
3.8763815e-11	530.59265
3.8874126e-11	530.92657
3.8776572e-11	531.2605
3.8719982e-11	531.59436
3.8746378e-11	531.92828
3.8905674e-11	532.26221
3.901101e-11	532.59607
3.88048e-11	532.92999
3.9136982e-11	533.26392
3.9032586e-11	533.59778
3.9073564e-11	533.9317
3.8624201e-11	534.26562
3.8898985e-11	534.59949
3.9090259e-11	534.93341
3.9477914e-11	535.26733
3.9532481e-11	535.6012
3.9229484e-11	535.93512
3.9578119e-11	536.26904
3.9637429e-11	536.60291
3.9563512e-11	536.93683
3.9834622e-11	537.27075
4.0214495e-11	537.60461
4.0114294e-11	537.93854
4.0287808e-11	538.27246
4.0069201e-11	538.60632
4.0421642e-11	538.94025
4.0586142e-11	539.27417
4.057504e-11	539.60803
4.0793945e-11	539.94196
4.1164263e-11	540.27588
4.0821565e-11	540.60974
4.1271708e-11	540.94366
4.1039314e-11	541.27759
4.1212016e-11	541.61145
4.1503086e-11	541.94537
4.1359593e-11	542.2793
4.1630102e-11	542.61316
4.1975302e-11	542.94708
4.2229203e-11	543.28101
4.2291733e-11	543.61487
4.2174365e-11	543.94879
4.2423957e-11	544.28271
4.254188e-11	544.61658
4.3019546e-11	544.9505
4.321157e-11	545.28442
4.290528e-11	545.61829
4.3329989e-11	545.95221
4.3011678e-11	546.28613
4.3610622e-11	546.62006
4.3612659e-11	546.95392
4.3855763e-11	547.28784
4.3536098e-11	547.62177
4.4086387e-11	547.95563
4.3812978e-11	548.28955
4.4362167e-11	548.62347
4.450082e-11	548.95734
4.4710739e-11	549.29126
4.4928138e-11	549.62518
4.5272366e-11	549.95905
4.502497e-11	550.29297
4.527417e-11	550.62689
4.5589466e-11	550.96075
4.5936126e-11	551.29468
4.5640006e-11	551.6286
4.5783131e-11	551.96246
4.5798192e-11	552.29639
4.6211333e-11	552.63031
4.6462157e-11	552.96417
4.6403298e-11	553.2981
4.6547977e-11	553.63202
4.6792431e-11	553.96588
4.669639e-11	554.2998
4.7196275e-11	554.63373
4.7327631e-11	554.96759
4.733329e-11	555.30151
4.7488243e-11	555.63544
4.7444257e-11	555.9693
4.7956094e-11	556.30322
4.7772571e-11	556.63715
4.812415e-11	556.97101
4.790102e-11	557.30493
4.8553623e-11	557.63885
4.8563546e-11	557.97272
4.9241708e-11	558.30664
4.9537201e-11	558.64056
4.8909495e-11	558.97443
4.9332274e-11	559.30835
4.9417147e-11	559.64227
4.9580656e-11	559.97614
4.9837402e-11	560.31006
5.0111224e-11	560.64398
4.9964578e-11	560.97784
5.0196677e-11	561.31177
4.9709816e-11	561.64569
4.9978733e-11	561.97955
5.11532e-11	562.31348
5.0521306e-11	562.6474
5.0716802e-11	562.98126
5.0860125e-11	563.31519
5.0954921e-11	563.64911
5.0769524e-11	563.98297
5.1458917e-11	564.31689
5.1220597e-11	564.65082
5.0938941e-11	564.98468
5.1289906e-11	565.3186
5.1475754e-11	565.65253
5.1655485e-11	565.98639
5.1733673e-11	566.32031
5.1132508e-11	566.65424
5.1723407e-11	566.9881
5.1709467e-11	567.32202
5.2309469e-11	567.65594
5.1268254e-11	567.98981
5.200507e-11	568.32373
5.1490111e-11	568.65765
5.1928802e-11	568.99152
5.1274845e-11	569.32544
5.1261762e-11	569.65936
5.1297917e-11	569.99323
5.1214397e-11	570.32715
5.1267254e-11	570.66107
5.1666432e-11	570.99493
5.181881e-11	571.32886
5.1099947e-11	571.66278
5.1268104e-11	571.9967
5.1782294e-11	572.33057
5.1160302e-11	572.66449
5.1471483e-11	572.99841
5.1432841e-11	573.33228
5.1157151e-11	573.6662
5.1234496e-11	574.00012
5.1127446e-11	574.33398
5.1171341e-11	574.66791
5.1231925e-11	575.00183
5.1783806e-11	575.33569
5.1244516e-11	575.66962
5.1116198e-11	576.00354
5.1091371e-11	576.3374
5.1162186e-11	576.67133
5.1284092e-11	577.00525
5.1011275e-11	577.33911
5.1424399e-11	577.67303
5.1164e-11	578.00696
5.0902775e-11	578.34082
5.1395731e-11	578.67474
5.1617394e-11	579.00867
5.155704e-11	579.34253
5.1461356e-11	579.67645
5.1405644e-11	580.01038
5.1292925e-11	580.34424
5.1651274e-11	580.67816
5.1714227e-11	581.01208
5.1595953e-11	581.34595
5.1748095e-11	581.67987
5.1796137e-11	582.01379
5.2320388e-11	582.34766
5.2117359e-11	582.68158
5.2152865e-11	583.0155
5.2789214e-11	583.34937
5.2651768e-11	583.68329
5.2568276e-11	584.01721
5.2501094e-11	584.35107
5.2650155e-11	584.685
5.2968276e-11	585.01892
5.3488859e-11	585.35278
5.301827e-11	585.68671
5.2884735e-11	586.02063
5.3664392e-11	586.35449
5.3376498e-11	586.68842
5.3793817e-11	587.02234
5.4004305e-11	587.3562
5.4258337e-11	587.69012
5.4186423e-11	588.02405
5.4806604e-11	588.35791
5.4417432e-11	588.69183
5.4249619e-11	589.02576
5.4417828e-11	589.35962
5.4814889e-11	589.69354
5.5212862e-11	590.02747
5.5489106e-11	590.36133
5.509089e-11	590.69525
5.5809104e-11	591.02917
5.5809461e-11	591.36304
5.6044482e-11	591.69696
5.5865288e-11	592.03088
5.6225465e-11	592.36475
5.621844e-11	592.69867
5.6854989e-11	593.03259
5.681464e-11	593.36646
5.7251905e-11	593.70038
5.679178e-11	594.0343
5.7767218e-11	594.36816
5.7607651e-11	594.70209
5.7552393e-11	595.03601
5.7804445e-11	595.36987
5.8187285e-11	595.7038
5.8023468e-11	596.03772
5.8207408e-11	596.37158
5.8925809e-11	596.70551
5.9015945e-11	597.03943
5.8795392e-11	597.37329
5.91878e-11	597.70721
5.9686298e-11	598.04114
5.9880198e-11	598.37506
5.9889517e-11	598.70892
5.9947262e-11	599.04285
5.9876222e-11	599.37677
6.0665056e-11	599.71063
6.0374247e-11	600.04456
6.054085e-11	600.37848
6.10769e-11	600.71234
6.1401176e-11	601.04626
6.1565655e-11	601.38019
6.1719893e-11	601.71405
6.1674887e-11	602.04797
6.2050691e-11	602.3819
6.181864e-11	602.71576
6.2325596e-11	603.04968
6.2445764e-11	603.38361
6.2953337e-11	603.71747
6.2970247e-11	604.05139
6.2689312e-11	604.38531
6.3260272e-11	604.71918
6.3635618e-11	605.0531
6.3187698e-11	605.38702
6.4123706e-11	605.72089
6.4873093e-11	606.05481
6.5294554e-11	606.38873
6.4385906e-11	606.7226
6.4373069e-11	607.05652
6.5071691e-11	607.39044
6.4927418e-11	607.7243
6.5263545e-11	608.05823
6.5093243e-11	608.39215
6.5701188e-11	608.72601
6.5575045e-11	609.05994
6.605249e-11	609.39386
6.6548447e-11	609.72772
6.6692138e-11	610.06165
6.6293103e-11	610.39557
6.7179262e-11	610.72943
6.6890729e-11	611.06335
6.72363e-11	611.39728
6.6916112e-11	611.73114
6.7767951e-11	612.06506
6.7719337e-11	612.39899
6.8004741e-11	612.73285
6.8725206e-11	613.06677
6.8148688e-11	613.4007
6.8721716e-11	613.73456
6.8472845e-11	614.06848
6.9612767e-11	614.4024
6.8618659e-11	614.73627
6.9684765e-11	615.07019
6.9470325e-11	615.40411
6.9887332e-11	615.73798
6.9508496e-11	616.0719
7.0452116e-11	616.40582
7.021949e-11	616.73969
7.0595356e-11	617.07361
7.0856022e-11	617.40753
7.0894512e-11	617.74139
7.0571396e-11	618.07532
7.1656681e-11	618.40924
7.1214354e-11	618.7431
7.1134952e-11	619.07703
7.2261461e-11	619.41095
7.2612416e-11	619.74481
7.1764455e-11	620.07874
7.2721273e-11	620.41266
7.2484144e-11	620.74652
7.2965994e-11	621.08044
7.2954968e-11	621.41437
7.3010611e-11	621.74823
7.2539585e-11	622.08215
7.3198142e-11	622.41608
7.3451786e-11	622.74994
7.3166216e-11	623.08386
7.3266483e-11	623.41779
7.401206e-11	623.75171
7.4213129e-11	624.08557
7.4029005e-11	624.41949
7.423602e-11	624.75342
7.4374853e-11	625.08728
7.5000922e-11	625.4212
7.506807e-11	625.75513
7.479696e-11	626.08899
7.4793817e-11	626.42291
7.5489913e-11	626.75684
7.6106323e-11	627.0907
7.580999e-11	627.42462
7.5670012e-11	627.75854
7.6146998e-11	628.09241
7.6294547e-11	628.42633
7.6564734e-11	628.76025
7.6933057e-11	629.09412
7.6544625e-11	629.42804
7.7352277e-11	629.76196
7.7393238e-11	630.09583
7.7883949e-11	630.42975
7.7753665e-11	630.76367
7.8215642e-11	631.09753
7.7948009e-11	631.43146
7.8042156e-11	631.76538
7.7953526e-11	632.09924
7.821354e-11	632.43317
7.8222158e-11	632.76709
7.875909e-11	633.10095
7.8714563e-11	633.43488
7.9415502e-11	633.7688
7.9301142e-11	634.10266
8.032839e-11	634.43658
8.0333212e-11	634.77051
7.9536669e-11	635.10437
8.0339332e-11	635.43829
8.0559732e-11	635.77222
8.056382e-11	636.10608
8.1041902e-11	636.44
8.0527217e-11	636.77393
8.1391241e-11	637.10779
8.1718528e-11	637.44171
8.180568e-11	637.77563
8.1763978e-11	638.1095
8.1792989e-11	638.44342
8.2589754e-11	638.77734
8.2858352e-11	639.11121
8.2524071e-11	639.44513
8.3322807e-11	639.77905
8.3559784e-11	640.11292
8.3748578e-11	640.44684
8.3809279e-11	640.78076
8.3269239e-11	641.11462
8.4099318e-11	641.44855
8.490466e-11	641.78247
8.4387157e-11	642.11633
8.4670548e-11	642.45026
8.5166263e-11	642.78418
8.5510404e-11	643.11804
8.551141e-11	643.45197
8.6190388e-11	643.78589
8.6539331e-11	644.11975
8.624966e-11	644.45367
8.6168531e-11	644.7876
8.6606076e-11	645.12146
8.7600219e-11	645.45538
8.7377362e-11	645.78931
8.7855369e-11	646.12317
8.7534299e-11	646.45709
8.8711261e-11	646.79102
8.9561643e-11	647.12488
8.9330508e-11	647.4588
8.8750444e-11	647.79272
8.9494717e-11	648.12659
8.9731111e-11	648.46051
8.9155142e-11	648.79443
9.0009313e-11	649.12836
9.0809561e-11	649.46222
9.1217513e-11	649.79614
9.1312277e-11	650.13007
9.1459257e-11	650.46393
9.1915281e-11	650.79785
9.1992212e-11	651.13177
9.1981235e-11	651.46564
9.2439632e-11	651.79956
9.2914405e-11	652.13348
9.3245904e-11	652.46735
9.3111747e-11	652.80127
9.3554678e-11	653.13519
9.4034426e-11	653.46906
9.3570401e-11	653.80298
9.4784937e-11	654.1369
9.4956237e-11	654.47076
9.4979725e-11	654.80469
9.5767345e-11	655.13861
9.5525976e-11	655.47247
9.6084411e-11	655.8064
9.6062561e-11	656.14032
9.7008811e-11	656.47418
9.6811816e-11	656.80811
9.7136924e-11	657.14203
9.9177909e-11	657.47589
9.8758286e-11	657.80981
9.8203952e-11	658.14374
9.8064688e-11	658.4776
1.0029667e-10	658.81152
9.9464124e-11	659.14545
9.9536546e-11	659.47931
1.0017754e-10	659.81323
1.0044332e-10	660.14716
1.0035128e-10	660.48102
1.0244933e-10	660.81494
1.0171592e-10	661.14886
1.0205414e-10	661.48273
1.0200295e-10	661.81665
1.0181512e-10	662.15057
1.0257376e-10	662.48444
1.0323725e-10	662.81836
1.0366725e-10	663.15228
1.0391553e-10	663.48615
1.0445741e-10	663.82007
1.0398389e-10	664.15399
1.0543071e-10	664.48785
1.0536715e-10	664.82178
1.0520074e-10	665.1557
1.06232e-10	665.48956
1.0649213e-10	665.82349
1.0662408e-10	666.15741
1.0584555e-10	666.49127
1.0697231e-10	666.8252
1.0580169e-10	667.15912
1.0704248e-10	667.49298
1.0909648e-10	667.8269
1.0759443e-10	668.16083
1.0893887e-10	668.49469
1.0930056e-10	668.82861
1.0914097e-10	669.16254
1.1071258e-10	669.4964
1.1038263e-10	669.83032
1.099348e-10	670.16425
1.1091404e-10	670.49811
1.1125886e-10	670.83203
1.112006e-10	671.16595
1.1161349e-10	671.49982
1.1214508e-10	671.83374
1.1200626e-10	672.16766
1.1238455e-10	672.50153
1.129847e-10	672.83545
1.1297177e-10	673.16937
1.1422268e-10	673.50323
1.1403325e-10	673.83716
1.1397858e-10	674.17108
1.1410346e-10	674.50494
1.1439847e-10	674.83887
1.1672134e-10	675.17279
1.1509792e-10	675.50671
1.1534367e-10	675.84058
1.157727e-10	676.1745
1.1639942e-10	676.50842
1.1598487e-10	676.84229
1.1663333e-10	677.17621
1.1676118e-10	677.51013
1.1703155e-10	677.84399
1.2023584e-10	678.17792
1.1804295e-10	678.51184
1.1834735e-10	678.8457
1.1822184e-10	679.17963
1.1884876e-10	679.51355
1.1976395e-10	679.84741
1.1968199e-10	680.18134
1.2018486e-10	680.51526
1.2067229e-10	680.84912
1.1990926e-10	681.18304
1.2014162e-10	681.51697
1.2086092e-10	681.85083
1.2083139e-10	682.18475
1.2108582e-10	682.51868
1.2191226e-10	682.85254
1.2149884e-10	683.18646
1.2291933e-10	683.52039
1.2338007e-10	683.85425
1.2318337e-10	684.18817
1.2272137e-10	684.52209
1.2441524e-10	684.85596
1.248336e-10	685.18988
1.2414186e-10	685.5238
1.2504385e-10	685.85767
1.2608378e-10	686.19159
1.2415446e-10	686.52551
1.2593651e-10	686.85938
1.255325e-10	687.1933
1.2577321e-10	687.52722
1.2590205e-10	687.86108
1.2712682e-10	688.19501
1.2775704e-10	688.52893
1.2779623e-10	688.86279
1.2722569e-10	689.19672
1.2755434e-10	689.53064
1.2897011e-10	689.8645
1.2901104e-10	690.19843
1.2917806e-10	690.53235
1.2952474e-10	690.86621
1.2979849e-10	691.20013
1.3024289e-10	691.53406
1.3091378e-10	691.86792
1.314423e-10	692.20184
1.3100987e-10	692.53577
1.3157547e-10	692.86963
1.3194114e-10	693.20355
1.3279118e-10	693.53748
1.3297538e-10	693.87134
1.3389047e-10	694.20526
1.3330438e-10	694.53918
1.3449868e-10	694.87305
1.3455209e-10	695.20697
1.3528238e-10	695.54089
1.3549388e-10	695.87476
1.3620251e-10	696.20868
1.3779723e-10	696.5426
1.3609897e-10	696.87646
1.3739553e-10	697.21039
1.3893625e-10	697.54431
1.3870891e-10	697.87817
1.3987468e-10	698.2121
1.3991988e-10	698.54602
1.4016173e-10	698.87988
1.4089914e-10	699.21381
1.4176343e-10	699.54773
1.411259e-10	699.88159
1.4161984e-10	700.21552
1.4334574e-10	700.54944
1.4364414e-10	700.88336
1.4317517e-10	701.21722
1.4334189e-10	701.55115
1.4312884e-10	701.88507
1.4390812e-10	702.21893
1.4389528e-10	702.55286
1.4577792e-10	702.88678
1.4503522e-10	703.22064
1.4640304e-10	703.55457
1.4590107e-10	703.88849
1.466342e-10	704.22235
1.4754219e-10	704.55627
1.4725954e-10	704.8902
1.4777381e-10	705.22406
1.4735704e-10	705.55798
1.4814026e-10	705.89191
1.4877657e-10	706.22577
1.4940153e-10	706.55969
1.5005754e-10	706.89362
1.4990348e-10	707.22748
1.4989426e-10	707.5614
1.5048253e-10	707.89532
1.51538e-10	708.22919
1.5014565e-10	708.56311
1.5108248e-10	708.89703
1.5154042e-10	709.2309
1.5260186e-10	709.56482
1.5351501e-10	709.89874
1.5325535e-10	710.2326
1.5428894e-10	710.56653
1.5339865e-10	710.90045
1.5558609e-10	711.23431
1.5522821e-10	711.56824
1.5521746e-10	711.90216
1.5575014e-10	712.23602
1.5632341e-10	712.56995
1.565325e-10	712.90387
1.5726209e-10	713.23773
1.5877807e-10	713.57166
1.5934924e-10	713.90558
1.5887899e-10	714.23944
1.5889104e-10	714.57336
1.5907246e-10	714.90729
1.599e-10	715.24115
1.5896431e-10	715.57507
1.6066423e-10	715.909
1.6072074e-10	716.24286
1.6187852e-10	716.57678
1.6189373e-10	716.91071
1.6345994e-10	717.24457
1.6345418e-10	717.57849
1.62869e-10	717.91241
1.6438693e-10	718.24628
1.6585608e-10	718.5802
1.6559823e-10	718.91412
1.6562207e-10	719.24799
1.6746766e-10	719.58191
1.6807941e-10	719.91583
1.6858195e-10	720.24969
1.6785191e-10	720.58362
1.6882899e-10	720.91754
1.7055968e-10	721.2514
1.6974329e-10	721.58533
1.7314972e-10	721.91925
1.713322e-10	722.25311
1.723842e-10	722.58704
1.7418608e-10	722.92096
1.731135e-10	723.25482
1.7401355e-10	723.58875
1.7494163e-10	723.92267
1.7626613e-10	724.25653
1.758631e-10	724.59045
1.7738981e-10	724.92438
1.7902525e-10	725.25824
1.7782514e-10	725.59216
1.7782169e-10	725.92609
1.7804852e-10	726.25995
1.8032527e-10	726.59387
1.7934408e-10	726.9278
1.8125017e-10	727.26172
1.8328759e-10	727.59558
1.8287433e-10	727.9295
1.8379992e-10	728.26343
1.8317184e-10	728.59729
1.8447079e-10	728.93121
1.856213e-10	729.26514
1.8563547e-10	729.599
1.8667391e-10	729.93292
1.874251e-10	730.26685
1.8785809e-10	730.60071
1.8771475e-10	730.93463
1.8944292e-10	731.26855
1.9077079e-10	731.60242
1.9072305e-10	731.93634
1.9245433e-10	732.27026
1.9376549e-10	732.60413
1.9273402e-10	732.93805
1.9425293e-10	733.27197
1.9414542e-10	733.60583
1.9310406e-10	733.93976
1.9599951e-10	734.27368
1.9497448e-10	734.60754
1.9899235e-10	734.94147
1.9925116e-10	735.27539
1.9828991e-10	735.60925
2.0113795e-10	735.94318
2.0055022e-10	736.2771
2.0189971e-10	736.61096
2.0091677e-10	736.94489
2.0346964e-10	737.27881
2.0327098e-10	737.61267
2.0524263e-10	737.94659
2.0492132e-10	738.28052
2.0752931e-10	738.61438
2.0651894e-10	738.9483
2.0594743e-10	739.28223
2.0812463e-10	739.61609
2.073848e-10	739.95001
2.0847282e-10	740.28394
2.0929573e-10	740.6178
2.1012345e-10	740.95172
2.1101997e-10	741.28564
2.1276166e-10	741.61951
2.1203776e-10	741.95343
2.1386522e-10	742.28735
2.14728e-10	742.62122
2.1589697e-10	742.95514
2.1559186e-10	743.28906
2.158102e-10	743.62292
2.1841909e-10	743.95685
2.1799111e-10	744.29077
2.1747762e-10	744.62463
2.2051229e-10	744.95856
2.2040622e-10	745.29248
2.2104599e-10	745.62634
2.2073816e-10	745.96027
2.2318884e-10	746.29419
2.2325539e-10	746.62805
2.2355941e-10	746.96198
2.2474732e-10	747.2959
2.2542426e-10	747.62976
2.2643042e-10	747.96368
2.2815343e-10	748.29761
2.291945e-10	748.63147
2.2845069e-10	748.96539
2.2810337e-10	749.29932
2.295258e-10	749.63318
2.3036621e-10	749.9671
2.3193496e-10	750.30103
2.3144235e-10	750.63489
2.3251788e-10	750.96881
2.334001e-10	751.30273
2.3508531e-10	751.6366
2.3555419e-10	751.97052
2.3445432e-10	752.30444
2.3564209e-10	752.63837
2.3976696e-10	752.97223
2.3925179e-10	753.30615
2.3911695e-10	753.64008
2.3907903e-10	753.97394
2.3869451e-10	754.30786
2.407157e-10	754.64178
2.4007582e-10	754.97565
2.4528807e-10	755.30957
2.4391941e-10	755.64349
2.4199853e-10	755.97736
2.4407615e-10	756.31128
2.4691268e-10	756.6452
2.4643329e-10	756.97906
2.4757954e-10	757.31299
2.476358e-10	757.64691
2.4800972e-10	757.98077
2.5183539e-10	758.3147
2.4947999e-10	758.64862
2.5117378e-10	758.98248
2.513533e-10	759.31641
2.5198046e-10	759.65033
2.5329086e-10	759.98419
2.5385338e-10	760.31812
2.5442132e-10	760.65204
2.5606964e-10	760.9859
2.5549574e-10	761.31982
2.5770641e-10	761.65375
2.5719193e-10	761.98761
2.5937957e-10	762.32153
2.6051511e-10	762.65546
2.5899571e-10	762.98932
2.6137889e-10	763.32324
2.6035787e-10	763.65717
2.6249053e-10	763.99103
2.6415245e-10	764.32495
2.6493926e-10	764.65887
2.651972e-10	764.99274
2.661176e-10	765.32666
2.6660119e-10	765.66058
2.6765118e-10	765.99445
2.676129e-10	766.32837
2.7047067e-10	766.66229
2.7219701e-10	766.99615
2.7008878e-10	767.33008
2.7129829e-10	767.664
2.721777e-10	767.99786
2.734821e-10	768.33179
2.7474514e-10	768.66571
2.7566252e-10	768.99957
2.7681091e-10	769.3335
2.7858843e-10	769.66742
2.7913324e-10	770.00128
2.7783514e-10	770.33521
2.8126718e-10	770.66913
2.8060071e-10	771.00299
2.8095171e-10	771.33691
2.8193339e-10	771.67084
2.8157793e-10	772.0047
2.8357192e-10	772.33862
2.8088337e-10	772.67255
2.8311123e-10	773.00641
2.8215766e-10	773.34033
2.8477523e-10	773.67426
2.8372046e-10	774.00812
2.8255256e-10	774.34204
2.8219707e-10	774.67596
2.8235239e-10	775.00983
2.8165867e-10	775.34375
2.8043062e-10	775.67767
2.8102562e-10	776.01154
2.7931638e-10	776.34546
2.7897382e-10	776.67938
2.7933084e-10	777.01324
2.8079389e-10	777.34717
2.780278e-10	777.68109
2.7579086e-10	778.01495
2.7828212e-10	778.34888
2.782258e-10	778.6828
2.7492611e-10	779.01672
2.7472963e-10	779.35059
2.7381847e-10	779.68451
2.7359637e-10	780.01843
2.7451696e-10	780.35229
2.7199445e-10	780.68622
2.724935e-10	781.02014
2.7420169e-10	781.354
2.7015729e-10	781.68793
2.7009692e-10	782.02185
2.6946864e-10	782.35571
2.6965905e-10	782.68964
2.6941865e-10	783.02356
2.6853891e-10	783.35742
2.6692662e-10	783.69135
2.691069e-10	784.02527
2.6833813e-10	784.35913
2.6991392e-10	784.69305
2.6844471e-10	785.02698
2.7003758e-10	785.36084
2.704591e-10	785.69476
2.684048e-10	786.02869
2.7163463e-10	786.36255
2.7092123e-10	786.69647
2.6982286e-10	787.0304
2.6778385e-10	787.36426
2.6816724e-10	787.69818
2.6918781e-10	788.0321
2.7137617e-10	788.36597
2.7075314e-10	788.69989
2.7094457e-10	789.03381
2.7292327e-10	789.36768
2.7330491e-10	789.7016
2.7209954e-10	790.03552
2.7396446e-10	790.36938
2.7504668e-10	790.70331
2.7585675e-10	791.03723
2.7585959e-10	791.37109
2.7591218e-10	791.70502
2.7688793e-10	792.03894
2.7857039e-10	792.3728
2.8260896e-10	792.70673
2.8092265e-10	793.04065
2.8289845e-10	793.37451
2.8241795e-10	793.70844
2.8415362e-10	794.04236
2.8483318e-10	794.37622
2.8659081e-10	794.71014
2.8769781e-10	795.04407
2.8851144e-10	795.37793
2.907686e-10	795.71185
2.9164621e-10	796.04578
2.9103736e-10	796.37964
2.9254829e-10	796.71356
2.9334826e-10	797.04749
2.9467412e-10	797.38135
2.9633954e-10	797.71527
2.9797456e-10	798.04919
2.9997016e-10	798.38306
3.0040168e-10	798.71698
3.0162228e-10	799.0509
3.0554662e-10	799.38477
3.0626121e-10	799.71869
3.0681546e-10	800.05261
3.0804917e-10	800.38647
3.1061989e-10	800.7204
3.1020833e-10	801.05432
3.1188024e-10	801.38818
3.1199526e-10	801.72211
3.1450995e-10	802.05603
3.18715e-10	802.38989
3.177468e-10	802.72382
3.2018821e-10	803.05774
3.201048e-10	803.3916
3.2357578e-10	803.72552
3.2194683e-10	804.05945
3.2459657e-10	804.39337
3.2445865e-10	804.72723
3.2707989e-10	805.06116
3.2806086e-10	805.39508
3.2771685e-10	805.72894
3.3067307e-10	806.06287
3.3506517e-10	806.39679
3.3392203e-10	806.73065
3.3533359e-10	807.06458
3.3899722e-10	807.3985
3.4001013e-10	807.73236
3.4179048e-10	808.06628
3.4438496e-10	808.40021
3.4377245e-10	808.73407
3.4503164e-10	809.06799
3.4669201e-10	809.40192
3.475801e-10	809.73578
3.5074899e-10	810.0697
3.5368417e-10	810.40363
3.5358083e-10	810.73749
3.5599929e-10	811.07141
3.5647457e-10	811.40533
3.581071e-10	811.7392
3.5581105e-10	812.07312
3.6253378e-10	812.40704
3.6299083e-10	812.74091
3.6562495e-10	813.07483
3.6474176e-10	813.40875
3.6945405e-10	813.74261
3.7012035e-10	814.07654
3.7100056e-10	814.41046
3.7172859e-10	814.74432
3.7421449e-10	815.07825
3.748491e-10	815.41217
3.7747072e-10	815.74603
3.7790113e-10	816.07996
3.8271056e-10	816.41388
3.8441722e-10	816.74774
3.8365028e-10	817.08167
3.8544168e-10	817.41559
3.8714654e-10	817.74945
3.9070114e-10	818.08337
3.9220555e-10	818.4173
3.9254808e-10	818.75116
3.9478723e-10	819.08508
3.9473128e-10	819.41901
3.986769e-10	819.75287
4.0004164e-10	820.08679
4.0065687e-10	820.42072
4.0187578e-10	820.75458
3.9978088e-10	821.0885
4.0518378e-10	821.42242
4.0711873e-10	821.75629
4.1114145e-10	822.09021
4.1216908e-10	822.42413
4.1355089e-10	822.758
4.1727563e-10	823.09192
4.1619727e-10	823.42584
4.1925252e-10	823.7597
4.1774498e-10	824.09363
4.2261369e-10	824.42755
4.2509629e-10	824.76141
4.2856552e-10	825.09534
4.2454662e-10	825.42926
4.3168505e-10	825.76312
4.3234177e-10	826.09705
4.350246e-10	826.43097
4.3429785e-10	826.76483
4.3249504e-10	827.09875
4.4183182e-10	827.43268
4.3825582e-10	827.76654
4.4505497e-10	828.10046
4.4491857e-10	828.43439
4.4676868e-10	828.76825
4.4603965e-10	829.10217
4.5093176e-10	829.4361
4.5273951e-10	829.77002
4.5516982e-10	830.10388
4.5692714e-10	830.43781
4.5787746e-10	830.77173
4.6245222e-10	831.10559
4.6376167e-10	831.43951
4.6552961e-10	831.77344
4.6964072e-10	832.1073
4.6497758e-10	832.44122
4.6873661e-10	832.77515
4.734409e-10	833.10901
4.7708781e-10	833.44293
4.7661375e-10	833.77686
4.8038684e-10	834.11072
4.8245813e-10	834.44464
4.8612259e-10	834.77856
4.8278642e-10	835.11243
4.8591903e-10	835.44635
4.9235227e-10	835.78027
4.9401938e-10	836.11414
4.9506788e-10	836.44806
4.9332011e-10	836.78198
5.0230559e-10	837.11584
5.0574611e-10	837.44977
5.0555243e-10	837.78369
5.0622023e-10	838.11755
5.1031795e-10	838.45148
5.1186905e-10	838.7854
5.1209653e-10	839.11926
5.1752191e-10	839.45319
5.2279009e-10	839.78711
5.2097326e-10	840.12097
5.1950855e-10	840.4549
5.2505933e-10	840.78882
5.277152e-10	841.12268
5.3057775e-10	841.4566
5.3248689e-10	841.79053
5.3763866e-10	842.12439
5.3743565e-10	842.45831
5.3941479e-10	842.79224
5.3530008e-10	843.1261
5.378834e-10	843.46002
5.4778881e-10	843.79395
5.4976812e-10	844.12781
5.5836979e-10	844.46173
5.5712901e-10	844.79565
5.5687749e-10	845.12952
5.6146349e-10	845.46344
5.6373145e-10	845.79736
5.6772709e-10	846.13123
5.6847466e-10	846.46515
5.7129801e-10	846.79907
5.7411398e-10	847.13293
5.7425315e-10	847.46686
5.7718458e-10	847.80078
5.8344307e-10	848.13464
5.8712685e-10	848.46857
5.911972e-10	848.80249
5.9828659e-10	849.13635
6.0256344e-10	849.47028
6.0461069e-10	849.8042
6.1269723e-10	850.13806
6.1503969e-10	850.47198
6.1069794e-10	850.80591
6.114087e-10	851.13977
6.2118655e-10	851.47369
6.242093e-10	851.80762
6.2713074e-10	852.14148
6.3119082e-10	852.4754
6.3479549e-10	852.80933
6.3468319e-10	853.14319
6.400111e-10	853.47711
6.3447847e-10	853.81104
6.3759431e-10	854.1449
6.4097139e-10	854.47882
6.4545852e-10	854.81274
6.3729161e-10	855.14661
6.4547628e-10	855.48053
6.4374284e-10	855.81445
6.4359351e-10	856.14838
6.4701017e-10	856.48224
6.4968753e-10	856.81616
6.5363626e-10	857.15009
6.4755479e-10	857.48395
6.4653743e-10	857.81787
6.4618749e-10	858.15179
6.4437483e-10	858.48566
6.4505901e-10	858.81958
6.4744193e-10	859.1535
6.4835859e-10	859.48737
6.4414363e-10	859.82129
6.3469735e-10	860.15521
6.3743533e-10	860.48907
6.365532e-10	860.823
6.4250705e-10	861.15692
6.3870986e-10	861.49078
6.3722189e-10	861.82471
6.3195099e-10	862.15863
6.2916083e-10	862.49249
6.2319655e-10	862.82642
6.2544259e-10	863.16034
6.307635e-10	863.4942
6.1646199e-10	863.82812
6.1616018e-10	864.16205
6.1369854e-10	864.49591
6.151914e-10	864.82983
6.0673949e-10	865.16376
6.0863153e-10	865.49762
6.0013078e-10	865.83154
5.9289385e-10	866.16547
5.9363764e-10	866.49933
5.9424565e-10	866.83325
5.8808158e-10	867.16718
5.9056443e-10	867.50104
5.9382194e-10	867.83496
5.824512e-10	868.16888
5.8064958e-10	868.50275
5.779815e-10	868.83667
5.7859084e-10	869.17059
5.7480087e-10	869.50446
5.7271876e-10	869.83838
5.6541677e-10	870.1723
5.6197441e-10	870.50616
5.6290617e-10	870.84009
5.6854788e-10	871.17401
5.6532123e-10	871.50787
5.6264138e-10	871.8418
5.6242383e-10	872.17572
5.5226546e-10	872.50958
5.5328031e-10	872.84351
5.4888816e-10	873.17743
5.5481192e-10	873.51129
5.5401789e-10	873.84521
5.5223509e-10	874.17914
5.4508037e-10	874.513
5.4982946e-10	874.84692
5.5485705e-10	875.18085
5.4448901e-10	875.51471
5.434691e-10	875.84863
5.4991878e-10	876.18256
5.4725396e-10	876.51642
5.4830562e-10	876.85034
5.4190863e-10	877.18427
5.4720478e-10	877.51813
5.6027732e-10	877.85205
5.5180399e-10	878.18597
5.5129507e-10	878.51984
5.4510585e-10	878.85376
5.4849958e-10	879.18768
5.4817745e-10	879.52155
5.5405003e-10	879.85547
5.4752802e-10	880.18939
5.4878735e-10	880.52325
5.5233085e-10	880.85718
5.5375771e-10	881.1911
5.5123384e-10	881.52502
5.5164379e-10	881.85889
5.5537436e-10	882.19281
5.5809646e-10	882.52673
5.6027549e-10	882.8606
5.6055638e-10	883.19452
5.6554844e-10	883.52844
5.653058e-10	883.8623
5.616958e-10	884.19623
5.6533211e-10	884.53015
5.7300581e-10	884.86401
5.7333638e-10	885.19794
5.7615546e-10	885.53186
5.7973443e-10	885.86572
5.8563737e-10	886.19965
5.8200611e-10	886.53357
5.8695415e-10	886.86743
5.8975447e-10	887.20135
5.9395944e-10	887.53528
5.9313399e-10	887.86914
5.9766153e-10	888.20306
5.9944644e-10	888.53699
6.0543875e-10	888.87085
6.0975497e-10	889.20477
6.1416705e-10	889.5387
6.1924005e-10	889.87256
6.1749605e-10	890.20648
6.1897421e-10	890.54041
6.2641115e-10	890.87427
6.2393973e-10	891.20819
6.3450056e-10	891.54211
6.3993905e-10	891.87598
6.391061e-10	892.2099
6.4418848e-10	892.54382
6.4661476e-10	892.87769
6.486941e-10	893.21161
6.4324157e-10	893.54553
6.5260153e-10	893.87939
6.5484895e-10	894.21332
6.6206735e-10	894.54724
6.6909867e-10	894.8811
6.652478e-10	895.21503
6.7426381e-10	895.54895
6.7245237e-10	895.88281
6.7101308e-10	896.21674
6.7800299e-10	896.55066
6.8564865e-10	896.88452
6.9137285e-10	897.21844
6.9648215e-10	897.55237
6.9695572e-10	897.88623
7.0599249e-10	898.22015
7.076843e-10	898.55408
7.1671946e-10	898.88794
7.1535783e-10	899.22186
7.1688372e-10	899.55579
7.2640349e-10	899.88965
7.26053e-10	900.22357
7.3138484e-10	900.5575
7.3525575e-10	900.89136
7.4159706e-10	901.22528
7.4082962e-10	901.5592
7.5104167e-10	901.89307
7.5595075e-10	902.22699
7.6178258e-10	902.56091
7.6415657e-10	902.89478
7.6824686e-10	903.2287
7.7708973e-10	903.56262
7.80776e-10	903.89648
7.8151235e-10	904.23041
7.9226137e-10	904.56433
7.8867585e-10	904.89819
8.0218177e-10	905.23212
8.0996315e-10	905.56604
8.174334e-10	905.8999
8.1454193e-10	906.23383
8.1654861e-10	906.56775
8.3034685e-10	906.90161
8.362202e-10	907.23553
8.3758084e-10	907.56946
8.432483e-10	907.90338
8.5373464e-10	908.23724
8.5545215e-10	908.57117
8.6929075e-10	908.90509
8.7336932e-10	909.23895
8.7690577e-10	909.57288
8.8886704e-10	909.9068
8.8851321e-10	910.24066
8.9680896e-10	910.57458
8.9876567e-10	910.90851
9.0899949e-10	911.24237
9.2029306e-10	911.57629
9.2819286e-10	911.91022
9.2815422e-10	912.24408
9.391864e-10	912.578
9.4427322e-10	912.91193
9.503045e-10	913.24579
9.6433195e-10	913.57971
9.6844688e-10	913.91364
9.7894892e-10	914.2475
9.7696673e-10	914.58142
9.9220487e-10	914.91534
1.0018064e-09	915.24921
1.0087812e-09	915.58313
1.0169869e-09	915.91705
1.0191515e-09	916.25092
1.0333857e-09	916.58484
1.0454546e-09	916.91876
1.0505249e-09	917.25262
1.0594416e-09	917.58655
1.067345e-09	917.92047
1.0766078e-09	918.25433
1.0867545e-09	918.58826
1.097417e-09	918.92218
1.1156908e-09	919.25604
1.1219731e-09	919.58997
1.125868e-09	919.92389
1.1516491e-09	920.25775
1.1714337e-09	920.59167
1.1884494e-09	920.9256
1.2053374e-09	921.25946
1.2163504e-09	921.59338
1.2435317e-09	921.92731
1.2609993e-09	922.26117
1.2831494e-09	922.59509
1.3155147e-09	922.92902
1.3285747e-09	923.26288
1.3717844e-09	923.5968
1.3924419e-09	923.93073
1.4344922e-09	924.26459
1.4730408e-09	924.59851
1.5122181e-09	924.93243
1.5395047e-09	925.2663
1.5781497e-09	925.60022
1.6396439e-09	925.93414
1.6647982e-09	926.26801
1.7194277e-09	926.60193
1.7675162e-09	926.93585
1.8063823e-09	927.26971
1.8494712e-09	927.60364
1.8957378e-09	927.93756
1.9391482e-09	928.27142
1.971779e-09	928.60535
2.0249074e-09	928.93927
2.0671427e-09	929.27313
2.1062374e-09	929.60706
2.134743e-09	929.94098
2.1662501e-09	930.27484
2.2119699e-09	930.60876
2.2205902e-09	930.94269
2.2657842e-09	931.27655
2.2611522e-09	931.61047
2.3075244e-09	931.9444
2.3270048e-09	932.27826
2.3379887e-09	932.61218
2.3650266e-09	932.94611
2.3686877e-09	933.28003
2.3671742e-09	933.61389
2.3813653e-09	933.94781
2.4032905e-09	934.28174
2.3809676e-09	934.6156
2.3956079e-09	934.94952
2.3936826e-09	935.28345
2.3927968e-09	935.61731
2.3806646e-09	935.95123
2.3941802e-09	936.28516
2.3800557e-09	936.61902
2.3800308e-09	936.95294
2.3616842e-09	937.28687
2.3507902e-09	937.62073
2.3639601e-09	937.95465
2.3826809e-09	938.28857
2.3405211e-09	938.62244
2.3213356e-09	938.95636
2.333957e-09	939.29028
2.316018e-09	939.62415
2.3201063e-09	939.95807
2.3155926e-09	940.29199
2.3025619e-09	940.62585
2.2955899e-09	940.95978
2.2937423e-09	941.2937
2.3024398e-09	941.62756
2.2693454e-09	941.96149
2.2788627e-09	942.29541
2.2811213e-09	942.62927
2.2742541e-09	942.9632
2.2659554e-09	943.29712
2.2583888e-09	943.63098
2.2709539e-09	943.9649
2.2644095e-09	944.29883
2.2549738e-09	944.63269
2.2502615e-09	944.96661
2.2550273e-09	945.30054
2.2416387e-09	945.6344
2.241114e-09	945.96832
2.2461895e-09	946.30225
2.2458293e-09	946.63611
2.2437217e-09	946.97003
2.2543896e-09	947.30396
2.2699673e-09	947.63782
2.2663802e-09	947.97174
2.2621227e-09	948.30566
2.2528877e-09	948.63953
2.2650626e-09	948.97345
2.2633126e-09	949.30737
2.267549e-09	949.64124
2.2694111e-09	949.97516
2.2874489e-09	950.30908
2.2873436e-09	950.64294
2.3018079e-09	950.97687
2.3032674e-09	951.31079
2.3045768e-09	951.64465
2.320746e-09	951.97858
2.3201312e-09	952.3125
2.3285402e-09	952.64636
2.3468443e-09	952.98029
2.3462265e-09	953.31421
2.3418885e-09	953.64807
2.3474109e-09	953.98199
2.3572602e-09	954.31592
2.3610818e-09	954.64978
2.3703863e-09	954.9837
2.3763855e-09	955.31763
2.3857256e-09	955.65149
2.4048026e-09	955.98541
2.4341544e-09	956.31934
2.4339373e-09	956.6532
2.4751148e-09	956.98712
2.4547624e-09	957.32104
2.4541906e-09	957.65491
2.484182e-09	957.98883
2.5249969e-09	958.32275
2.5002476e-09	958.65668
2.5070164e-09	958.99054
2.5569618e-09	959.32446
2.5586779e-09	959.65839
2.5644851e-09	959.99225
2.5746962e-09	960.32617
2.5964488e-09	960.6601
2.6252776e-09	960.99396
2.6325733e-09	961.32788
2.6341609e-09	961.6618
2.64968e-09	961.99567
2.6689944e-09	962.32959
2.6954146e-09	962.66351
2.691791e-09	962.99738
2.692685e-09	963.3313
2.7215639e-09	963.66522
2.7333302e-09	963.99908
2.769889e-09	964.33301
2.7822118e-09	964.66693
2.8027318e-09	965.00079
2.7910407e-09	965.33472
2.8158027e-09	965.66864
2.8392464e-09	966.0025
2.8704814e-09	966.33643
2.8986369e-09	966.67035
2.9043823e-09	967.00421
2.9186942e-09	967.33813
2.9186515e-09	967.67206
2.9558487e-09	968.00592
2.9753511e-09	968.33984
3.0141176e-09	968.67377
3.005926e-09	969.00763
3.0366529e-09	969.34155
3.0576082e-09	969.67548
3.0694296e-09	970.00934
3.0977092e-09	970.34326
3.1411345e-09	970.67719
3.1419576e-09	971.01105
3.1721754e-09	971.34497
3.1976606e-09	971.67889
3.2034491e-09	972.01276
3.2552803e-09	972.34668
3.254168e-09	972.6806
3.3022975e-09	973.01447
3.3244338e-09	973.34839
3.3702554e-09	973.68231
3.3664596e-09	974.01617
3.3804133e-09	974.3501
3.4281975e-09	974.68402
3.4698355e-09	975.01788
3.4770986e-09	975.35181
3.4967562e-09	975.68573
3.5219121e-09	976.01959
3.5546137e-09	976.35352
3.5182146e-09	976.68744
3.6138785e-09	977.0213
3.6111143e-09	977.35522
3.6396357e-09	977.68915
3.6915013e-09	978.02301
3.7406633e-09	978.35693
3.7385268e-09	978.69086
3.7874446e-09	979.02472
3.7746908e-09	979.35864
3.8497494e-09	979.69257
3.8863814e-09	980.02643
3.9059351e-09	980.36035
3.936155e-09	980.69427
3.9336139e-09	981.02814
3.964685e-09	981.36206
4.047862e-09	981.69598
4.1016337e-09	982.02985
4.1713486e-09	982.36377
4.1238644e-09	982.69769
4.1576631e-09	983.03156
4.2110386e-09	983.36548
4.2601438e-09	983.6994
4.2510884e-09	984.03326
4.3078017e-09	984.36719
4.3449275e-09	984.70111
4.3875925e-09	985.03503
4.4038009e-09	985.3689
4.4188173e-09	985.70282
4.4739115e-09	986.03674
4.4620894e-09	986.37061
4.5276303e-09	986.70453
4.5894781e-09	987.03845
4.6295456e-09	987.37231
4.7031112e-09	987.70624
4.6978368e-09	988.04016
4.740031e-09	988.37402
4.8396638e-09	988.70795
4.8399631e-09	989.04187
4.8743787e-09	989.37573
4.8894115e-09	989.70966
4.9194897e-09	990.04358
5.0207873e-09	990.37744
5.0395252e-09	990.71136
5.0639377e-09	991.04529
5.0978439e-09	991.37915
5.1741722e-09	991.71307
5.1535705e-09	992.047
5.2612972e-09	992.38086
5.34776e-09	992.71478
5.4131197e-09	993.04871
5.4821059e-09	993.38257
5.482538e-09	993.71649
5.5580172e-09	994.05042
5.5351612e-09	994.38428
5.6000737e-09	994.7182
5.6411675e-09	995.05212
5.7059211e-09	995.38599
5.7378302e-09	995.71991
5.7597465e-09	996.05383
5.9010854e-09	996.3877
5.8516605e-09	996.72162
5.9355294e-09	997.05554
5.9704797e-09	997.3894
6.0140972e-09	997.72333
6.0667129e-09	998.05725
6.1004486e-09	998.39111
6.2007821e-09	998.72504
6.2753926e-09	999.05896
6.338551e-09	999.39282
6.3693513e-09	999.72675
6.4166641e-09	1000.0607
6.5353207e-09	1000.3945
6.5582957e-09	1000.7285
6.6595693e-09	1001.0624
6.7059331e-09	1001.3962
6.7149823e-09	1001.7302
6.8606307e-09	1002.0641
6.9332202e-09	1002.3979
6.9164328e-09	1002.7319
7.0227371e-09	1003.0658
7.1234934e-09	1003.3997
7.1655357e-09	1003.7336
7.1818094e-09	1004.0675
7.279096e-09	1004.4014
7.4016318e-09	1004.7353
7.4154682e-09	1005.0692
7.486781e-09	1005.4031
7.5914626e-09	1005.737
7.6526483e-09	1006.0709
7.6815665e-09	1006.4048
7.8312317e-09	1006.7387
7.8751068e-09	1007.0726
7.9431244e-09	1007.4065
7.9949345e-09	1007.7404
8.0555491e-09	1008.0743
8.2068548e-09	1008.4082
8.2128002e-09	1008.7421
8.2455411e-09	1009.076
8.4476799e-09	1009.4099
8.4578042e-09	1009.7438
8.607218e-09	1010.0778
8.6803764e-09	1010.4117
8.7287795e-09	1010.7455
8.9026448e-09	1011.0795
8.9702343e-09	1011.4134
9.0004599e-09	1011.7473
9.2197849e-09	1012.0812
9.1555892e-09	1012.4151
9.2338333e-09	1012.749
9.3346983e-09	1013.0829
9.5110932e-09	1013.4168
9.624733e-09	1013.7507
9.6030535e-09	1014.0846
9.8232897e-09	1014.4185
9.86216e-09	1014.7524
9.9165369e-09	1015.0863
1.0048683e-08	1015.4202
1.0221179e-08	1015.7541
1.0311618e-08	1016.088
1.0470002e-08	1016.4219
1.0455143e-08	1016.7558
1.0591187e-08	1017.0897
1.080685e-08	1017.4236
1.0816055e-08	1017.7575
1.0920952e-08	1018.0914
1.107333e-08	1018.4254
1.1199055e-08	1018.7592
1.1385965e-08	1019.0931
1.1568395e-08	1019.4271
1.1603145e-08	1019.7609
1.1617698e-08	1020.0948
1.1762836e-08	1020.4288
1.1980279e-08	1020.7626
1.2143153e-08	1021.0966
1.2209692e-08	1021.4305
1.229001e-08	1021.7643
1.238739e-08	1022.0983
1.2496429e-08	1022.4322
1.2707486e-08	1022.7661
1.2707486e-08	1023.1
